[
    {
        "class": "Car",
        "extent": [
            1.5107464790344238,
            4.901683330535889,
            2.128324270248413
        ],
        "position": [
            -1.3,
            0.0,
            -2.5
        ],
        "yaw": 0,
        "num_points": -1,
        "distance": -1,
        "speed": 2.8214766220236918e-05,
        "brake": 0.0,
        "id": 380,
        "ego_matrix": [
            [
                0.4550943970680237,
                0.8904432058334351,
                -6.589241820620373e-05,
                21.05385398864746
            ],
            [
                -0.8904432058334351,
                0.4550943970680237,
                2.7103071261080913e-05,
                -290.7008056640625
            ],
            [
                5.412101381807588e-05,
                4.633899879991077e-05,
                1.0,
                0.004190025385469198
            ],
            [
                0.0,
                0.0,
                0.0,
                1.0
            ]
        ]
    },
    {
        "class": "Car",
        "extent": [
            1.5248334407806396,
            4.513522624969482,
            2.006814479827881
        ],
        "position": [
            -3.14981761794535,
            -7.011546654350378,
            -2.475632147993395
        ],
        "yaw": -0.01250320842278585,
        "num_points": 46,
        "distance": 8.075388042975353,
        "speed": 8.82097370678792e-09,
        "brake": 0.0,
        "id": 398,
        "ego_matrix": [
            [
                0.443925678730011,
                0.8960636258125305,
                0.0,
                26.455394744873047
            ],
            [
                -0.8960636258125305,
                0.443925678730011,
                0.0,
                -285.86273193359375
            ],
            [
                0.0,
                -0.0,
                1.0,
                0.028782671317458153
            ],
            [
                0.0,
                0.0,
                0.0,
                1.0
            ]
        ]
    },
    {
        "class": "Car",
        "extent": [
            1.6672759056091309,
            4.611005783081055,
            2.241713285446167
        ],
        "position": [
            -3.193571751323888,
            -3.511826268121263,
            -2.4351431250247417
        ],
        "yaw": -0.01250320842278585,
        "num_points": 467,
        "distance": 5.33495513642577,
        "speed": 1.311105512970129e-09,
        "brake": 0.0,
        "id": 473,
        "ego_matrix": [
            [
                0.443925678730011,
                0.8960636258125305,
                0.0,
                23.319177627563477
            ],
            [
                -0.8960636258125305,
                0.443925678730011,
                0.0,
                -287.4164733886719
            ],
            [
                0.0,
                -0.0,
                1.0,
                0.06910715252161026
            ],
            [
                0.0,
                0.0,
                0.0,
                1.0
            ]
        ]
    }
]