[
    {
        "class": "Car",
        "extent": [
            1.5107464790344238,
            4.901683330535889,
            2.128324270248413
        ],
        "position": [
            -1.3,
            0.0,
            -2.5
        ],
        "yaw": 0,
        "num_points": -1,
        "distance": -1,
        "speed": 1.128681719520562e-06,
        "brake": 0.0,
        "id": 380,
        "ego_matrix": [
            [
                0.4550938606262207,
                0.8904434442520142,
                -5.259018053038744e-06,
                21.053829193115234
            ],
            [
                -0.8904434442520142,
                0.4550938606262207,
                9.268455869460013e-07,
                -290.7008056640625
            ],
            [
                3.2186505904974183e-06,
                4.261056801624363e-06,
                1.0,
                0.03270202502608299
            ],
            [
                0.0,
                0.0,
                0.0,
                1.0
            ]
        ]
    },
    {
        "class": "Car",
        "extent": [
            1.5248334407806396,
            4.513522624969482,
            2.006814479827881
        ],
        "position": [
            -3.1498117050327723,
            -7.011566300413566,
            -2.4967008073750443
        ],
        "yaw": -0.01250260921154056,
        "num_points": 51,
        "distance": 8.081886579493915,
        "speed": -3.0996128680573936e-09,
        "brake": 0.0,
        "id": 398,
        "ego_matrix": [
            [
                0.443925678730011,
                0.8960636258125305,
                0.0,
                26.455394744873047
            ],
            [
                -0.8960636258125305,
                0.443925678730011,
                0.0,
                -285.86273193359375
            ],
            [
                0.0,
                -0.0,
                1.0,
                0.036025140434503555
            ],
            [
                0.0,
                0.0,
                0.0,
                1.0
            ]
        ]
    },
    {
        "class": "Car",
        "extent": [
            1.6672759056091309,
            4.611005783081055,
            2.241713285446167
        ],
        "position": [
            -3.1935658451478552,
            -3.5118442939533825,
            -2.4585248972178246
        ],
        "yaw": -0.01250260921154056,
        "num_points": 427,
        "distance": 5.3456765542359355,
        "speed": -8.875407093065649e-08,
        "brake": 0.0,
        "id": 473,
        "ego_matrix": [
            [
                0.443925678730011,
                0.8960636258125305,
                0.0,
                23.319177627563477
            ],
            [
                -0.8960636258125305,
                0.443925678730011,
                0.0,
                -287.4164733886719
            ],
            [
                0.0,
                -0.0,
                1.0,
                0.07418599724769592
            ],
            [
                0.0,
                0.0,
                0.0,
                1.0
            ]
        ]
    }
]