[
    {
        "class": "Car",
        "extent": [
            1.5107464790344238,
            4.901683330535889,
            2.128324270248413
        ],
        "position": [
            -1.3,
            0.0,
            -2.5
        ],
        "yaw": 0,
        "num_points": -1,
        "distance": -1,
        "speed": 7.314852317822827e-08,
        "brake": 0.0,
        "id": 380,
        "ego_matrix": [
            [
                0.4550943970680237,
                0.8904432058334351,
                -1.965350975297042e-06,
                21.0538272857666
            ],
            [
                -0.8904432058334351,
                0.4550943970680237,
                3.3429711265853257e-07,
                -290.7008056640625
            ],
            [
                1.1920927818209748e-06,
                1.5978966985130683e-06,
                1.0,
                0.03338863328099251
            ],
            [
                0.0,
                0.0,
                0.0,
                1.0
            ]
        ]
    },
    {
        "class": "Car",
        "extent": [
            1.5248334407806396,
            4.513522624969482,
            2.006814479827881
        ],
        "position": [
            -3.1498067937347956,
            -7.011569295981553,
            -2.497611517269704
        ],
        "yaw": -0.01250320842278585,
        "num_points": 52,
        "distance": 8.08216865212595,
        "speed": -1.6403384358409135e-08,
        "brake": 0.0,
        "id": 398,
        "ego_matrix": [
            [
                0.443925678730011,
                0.8960636258125305,
                0.0,
                26.455394744873047
            ],
            [
                -0.8960636258125305,
                0.443925678730011,
                0.0,
                -285.86273193359375
            ],
            [
                0.0,
                -0.0,
                1.0,
                0.035786114633083344
            ],
            [
                0.0,
                0.0,
                0.0,
                1.0
            ]
        ]
    },
    {
        "class": "Car",
        "extent": [
            1.6672759056091309,
            4.611005783081055,
            2.241713285446167
        ],
        "position": [
            -3.1935630639446884,
            -3.5118471022395763,
            -2.459378605350273
        ],
        "yaw": -0.01250320842278585,
        "num_points": 402,
        "distance": 5.346069419429096,
        "speed": -8.136847732464301e-10,
        "brake": 0.0,
        "id": 473,
        "ego_matrix": [
            [
                0.443925678730011,
                0.8960636258125305,
                0.0,
                23.319177627563477
            ],
            [
                -0.8960636258125305,
                0.443925678730011,
                0.0,
                -287.4164733886719
            ],
            [
                0.0,
                -0.0,
                1.0,
                0.07401338219642639
            ],
            [
                0.0,
                0.0,
                0.0,
                1.0
            ]
        ]
    }
]