[
    {
        "class": "Car",
        "extent": [
            1.5107464790344238,
            4.901683330535889,
            2.128324270248413
        ],
        "position": [
            -1.3,
            0.0,
            -2.5
        ],
        "yaw": 0,
        "num_points": -1,
        "distance": -1,
        "speed": 1.3795056872751579,
        "brake": 0.0,
        "id": 380,
        "ego_matrix": [
            [
                0.4861854314804077,
                0.8738465309143066,
                -0.003994633909314871,
                21.151784896850586
            ],
            [
                -0.8738533854484558,
                0.48618945479393005,
                3.8069323636591434e-05,
                -290.7845764160156
            ],
            [
                0.0019754155073314905,
                0.0034722157288342714,
                0.9999920129776001,
                0.03243577107787132
            ],
            [
                0.0,
                0.0,
                0.0,
                1.0
            ]
        ]
    },
    {
        "class": "Car",
        "extent": [
            1.5248334407806396,
            4.513522624969482,
            2.006814479827881
        ],
        "position": [
            -2.9722051059543997,
            -7.025119342737538,
            -2.5181500747831373
        ],
        "yaw": -0.04773722911869749,
        "num_points": 44,
        "distance": 8.032893922534818,
        "speed": 0.8457465120197117,
        "brake": 0.0,
        "id": 398,
        "ego_matrix": [
            [
                0.4439327120780945,
                0.8960599899291992,
                -0.00043522362830117345,
                26.477731704711914
            ],
            [
                -0.8960595726966858,
                0.4439329206943512,
                0.0008760810014791787,
                -285.90777587890625
            ],
            [
                0.0009782313136383891,
                1.0652875062078238e-06,
                0.9999995231628418,
                0.03537527099251747
            ],
            [
                0.0,
                0.0,
                0.0,
                1.0
            ]
        ]
    },
    {
        "class": "Car",
        "extent": [
            1.6672759056091309,
            4.611005783081055,
            2.241713285446167
        ],
        "position": [
            -3.128702035785315,
            -3.528749584674144,
            -2.468699157721557
        ],
        "yaw": -0.04773876043632441,
        "num_points": 410,
        "distance": 5.323093610993539,
        "speed": 0.9928021898613314,
        "brake": 0.0,
        "id": 473,
        "ego_matrix": [
            [
                0.44392868876457214,
                0.8960606455802917,
                -0.0016163067193701863,
                23.34615707397461
            ],
            [
                -0.896054744720459,
                0.4439316391944885,
                0.0032576597295701504,
                -287.4709167480469
            ],
            [
                0.003636590437963605,
                2.130633220076561e-06,
                0.9999933838844299,
                0.07237649708986282
            ],
            [
                0.0,
                0.0,
                0.0,
                1.0
            ]
        ]
    }
]