[
    {
        "class": "Car",
        "extent": [
            1.5107464790344238,
            4.901683330535889,
            2.128324270248413
        ],
        "position": [
            -1.3,
            0.0,
            -2.5
        ],
        "yaw": 0,
        "num_points": -1,
        "distance": -1,
        "speed": 2.513635914215181,
        "brake": 1.0,
        "id": 380,
        "ego_matrix": [
            [
                0.6586308479309082,
                0.752466082572937,
                -0.00027470721397548914,
                22.172948837280273
            ],
            [
                -0.7524662017822266,
                0.6586307883262634,
                -0.0003339207614772022,
                -291.6899108886719
            ],
            [
                -7.033347355900332e-05,
                0.0004266384057700634,
                0.9999998807907104,
                0.03345249220728874
            ],
            [
                0.0,
                0.0,
                0.0,
                1.0
            ]
        ]
    },
    {
        "class": "Car",
        "extent": [
            1.5248334407806396,
            4.513522624969482,
            2.006814479827881
        ],
        "position": [
            -1.5575017721566153,
            -6.715305201562995,
            -2.5013814837160457
        ],
        "yaw": -0.2583767597452068,
        "num_points": 103,
        "distance": 7.333351556245446,
        "speed": 3.8937333677566848,
        "brake": 0.0,
        "id": 398,
        "ego_matrix": [
            [
                0.44450366497039795,
                0.895776629447937,
                -0.0008964244043454528,
                27.0563907623291
            ],
            [
                -0.8957748413085938,
                0.4445045590400696,
                0.0017573680961504579,
                -287.0732421875
            ],
            [
                0.001972673926502466,
                2.183788274123799e-05,
                0.9999980330467224,
                0.03495412692427635
            ],
            [
                0.0,
                0.0,
                0.0,
                1.0
            ]
        ]
    },
    {
        "class": "Car",
        "extent": [
            1.6672759056091309,
            4.611005783081055,
            2.241713285446167
        ],
        "position": [
            -2.2871262790375546,
            -3.28820139356212,
            -2.463828318409619
        ],
        "yaw": -0.25823701036700497,
        "num_points": 182,
        "distance": 4.702516879659786,
        "speed": 4.243825480429911,
        "brake": 0.0,
        "id": 473,
        "ego_matrix": [
            [
                0.44462043046951294,
                0.895714282989502,
                -0.002935930620878935,
                23.997047424316406
            ],
            [
                -0.8956957459449768,
                0.44463011622428894,
                0.005751567427068949,
                -288.78143310546875
            ],
            [
                0.006457164417952299,
                7.243639993248507e-05,
                0.9999791383743286,
                0.07109647244215012
            ],
            [
                0.0,
                0.0,
                0.0,
                1.0
            ]
        ]
    }
]