[
    {
        "class": "Car",
        "extent": [
            1.5107464790344238,
            4.901683330535889,
            2.128324270248413
        ],
        "position": [
            -1.3,
            0.0,
            -2.5
        ],
        "yaw": 0,
        "num_points": -1,
        "distance": -1,
        "speed": -0.0006962346029557778,
        "brake": 1.0,
        "id": 380,
        "ego_matrix": [
            [
                0.6943274736404419,
                0.7196568250656128,
                0.0018804838182404637,
                22.533876419067383
            ],
            [
                -0.7196569442749023,
                0.6943295001983643,
                -0.0007369971717707813,
                -291.9837951660156
            ],
            [
                -0.0018360603135079145,
                -0.0008415859192609787,
                0.9999979734420776,
                0.034330058842897415
            ],
            [
                0.0,
                0.0,
                0.0,
                1.0
            ]
        ]
    },
    {
        "class": "Car",
        "extent": [
            1.5248334407806396,
            4.513522624969482,
            2.006814479827881
        ],
        "position": [
            0.43249937137260486,
            -6.0009589335992946,
            -2.4904873834408328
        ],
        "yaw": -0.30228589453399735,
        "num_points": 48,
        "distance": 6.51161203052369,
        "speed": 4.703232425541485,
        "brake": 0.0,
        "id": 398,
        "ego_matrix": [
            [
                0.4486020803451538,
                0.8937315940856934,
                -0.0002557302650529891,
                28.05544662475586
            ],
            [
                -0.8937315344810486,
                0.4486021399497986,
                0.0003408821066841483,
                -289.06396484375
            ],
            [
                0.000419378251535818,
                7.56337758502923e-05,
                0.9999999403953552,
                0.035611361265182495
            ],
            [
                0.0,
                0.0,
                0.0,
                1.0
            ]
        ]
    },
    {
        "class": "Car",
        "extent": [
            1.6672759056091309,
            4.611005783081055,
            2.241713285446167
        ],
        "position": [
            -0.40559392188579346,
            -2.5963972318720145,
            -2.456686761280138
        ],
        "yaw": -0.30194494333543986,
        "num_points": 0,
        "distance": 3.5973733276089725,
        "speed": 4.641635662379916,
        "brake": 0.0,
        "id": 473,
        "ego_matrix": [
            [
                0.44890671968460083,
                0.8935785293579102,
                -0.0003803601721301675,
                25.023483276367188
            ],
            [
                -0.8935784697532654,
                0.44890686869621277,
                0.0003062583564314991,
                -290.8247375488281
            ],
            [
                0.0004444121732376516,
                0.00020240023150108755,
                0.9999998807907104,
                0.07381593436002731
            ],
            [
                0.0,
                0.0,
                0.0,
                1.0
            ]
        ]
    }
]