[
    {
        "class": "Car",
        "extent": [
            1.5107464790344238,
            4.901683330535889,
            2.128324270248413
        ],
        "position": [
            -1.3,
            0.0,
            -2.5
        ],
        "yaw": 0,
        "num_points": -1,
        "distance": -1,
        "speed": -6.034277688878708e-05,
        "brake": 1.0,
        "id": 380,
        "ego_matrix": [
            [
                0.6943298578262329,
                0.7196569442749023,
                0.00013126927660778165,
                22.534400939941406
            ],
            [
                -0.7196569442749023,
                0.6943298578262329,
                -4.065438042744063e-05,
                -291.98406982421875
            ],
            [
                -0.00012040137517033145,
                -6.62412858218886e-05,
                1.0,
                0.033477362245321274
            ],
            [
                0.0,
                0.0,
                0.0,
                1.0
            ]
        ]
    },
    {
        "class": "Car",
        "extent": [
            1.5248334407806396,
            4.513522624969482,
            2.006814479827881
        ],
        "position": [
            2.7073485285453387,
            -5.31664161288377,
            -2.496879847968267
        ],
        "yaw": -0.2919218702568178,
        "num_points": 0,
        "distance": 6.467675244634194,
        "speed": 4.777435935977418,
        "brake": 0.0,
        "id": 398,
        "ego_matrix": [
            [
                0.4578421115875244,
                0.8890334963798523,
                -0.00014264736091718078,
                29.142980575561523
            ],
            [
                -0.8890334963798523,
                0.4578421115875244,
                -4.540212103165686e-06,
                -291.1764831542969
            ],
            [
                6.127357482910156e-05,
                0.00012889699428342283,
                1.0,
                0.03576284274458885
            ],
            [
                0.0,
                0.0,
                0.0,
                1.0
            ]
        ]
    },
    {
        "class": "Car",
        "extent": [
            1.6672759056091309,
            4.611005783081055,
            2.241713285446167
        ],
        "position": [
            1.807880594949946,
            -1.93119738093675,
            -2.458959074653735
        ],
        "yaw": -0.2920385832915904,
        "num_points": 0,
        "distance": 3.611708086287634,
        "speed": 4.610383016101737,
        "brake": 0.0,
        "id": 473,
        "ego_matrix": [
            [
                0.4577382504940033,
                0.8890869617462158,
                -0.000286466529360041,
                26.08209991455078
            ],
            [
                -0.8890870213508606,
                0.4577382206916809,
                -0.00014989810006227344,
                -292.8797912597656
            ],
            [
                -2.145766984540387e-06,
                0.00032330775866284966,
                0.9999999403953552,
                0.07401616871356964
            ],
            [
                0.0,
                0.0,
                0.0,
                1.0
            ]
        ]
    }
]