[
    {
        "class": "Car",
        "extent": [
            1.5107464790344238,
            4.901683330535889,
            2.128324270248413
        ],
        "position": [
            -1.3,
            0.0,
            -2.5
        ],
        "yaw": 0,
        "num_points": -1,
        "distance": -1,
        "speed": -3.8106701031341635e-06,
        "brake": 1.0,
        "id": 380,
        "ego_matrix": [
            [
                0.6943298578262329,
                0.7196569442749023,
                8.903442903829273e-06,
                22.534452438354492
            ],
            [
                -0.7196569442749023,
                0.6943298578262329,
                -1.6800361208879622e-06,
                -291.9841003417969
            ],
            [
                -7.390975497401087e-06,
                -5.2409250201890245e-06,
                1.0,
                0.033421095460653305
            ],
            [
                0.0,
                0.0,
                0.0,
                1.0
            ]
        ]
    },
    {
        "class": "Car",
        "extent": [
            1.5248334407806396,
            4.513522624969482,
            2.006814479827881
        ],
        "position": [
            5.010564158194529,
            -4.663936157828615,
            -2.4975742749225165
        ],
        "yaw": -0.276207555349669,
        "num_points": 5,
        "distance": 7.286695473699963,
        "speed": 4.794630095217209,
        "brake": 0.0,
        "id": 398,
        "ego_matrix": [
            [
                0.4717555642127991,
                0.8817293643951416,
                -0.00015791742771398276,
                30.272499084472656
            ],
            [
                -0.8817293643951416,
                0.4717555642127991,
                -4.920422361465171e-05,
                -293.2872314453125
            ],
            [
                3.11136209347751e-05,
                0.00016245280858129263,
                1.0,
                0.03577573597431183
            ],
            [
                0.0,
                0.0,
                0.0,
                1.0
            ]
        ]
    },
    {
        "class": "Car",
        "extent": [
            1.6672759056091309,
            4.611005783081055,
            2.241713285446167
        ],
        "position": [
            4.031017094234552,
            -1.3003164733760832,
            -2.4597792063343307
        ],
        "yaw": -0.27718926310649916,
        "num_points": 264,
        "distance": 4.8980032144598615,
        "speed": 4.832203141244906,
        "brake": 0.0,
        "id": 473,
        "ego_matrix": [
            [
                0.47088953852653503,
                0.8821917772293091,
                -0.0008195064729079604,
                27.17171859741211
            ],
            [
                -0.8821917176246643,
                0.4708900451660156,
                0.0006168422987684608,
                -294.9177551269531
            ],
            [
                0.0009300707024522126,
                0.00043249718146398664,
                0.999999463558197,
                0.07359567284584045
            ],
            [
                0.0,
                0.0,
                0.0,
                1.0
            ]
        ]
    }
]