[
    {
        "class": "Car",
        "extent": [
            1.5107464790344238,
            4.901683330535889,
            2.128324270248413
        ],
        "position": [
            -1.3,
            0.0,
            -2.5
        ],
        "yaw": 0,
        "num_points": -1,
        "distance": -1,
        "speed": 0.04162206311853752,
        "brake": 0.0,
        "id": 380,
        "ego_matrix": [
            [
                0.6946628093719482,
                0.7193354964256287,
                -7.705293683102354e-05,
                22.53559112548828
            ],
            [
                -0.7193354964256287,
                0.6946628093719482,
                -1.988774056371767e-05,
                -291.9848327636719
            ],
            [
                3.9219852624228224e-05,
                6.924218905624002e-05,
                1.0,
                0.03339779004454613
            ],
            [
                0.0,
                0.0,
                0.0,
                1.0
            ]
        ]
    },
    {
        "class": "Car",
        "extent": [
            1.5248334407806396,
            4.513522624969482,
            2.006814479827881
        ],
        "position": [
            7.3316575528228585,
            -4.050194474866814,
            -2.498238054214308
        ],
        "yaw": -0.2576205551536789,
        "num_points": 111,
        "distance": 8.740621896159942,
        "speed": 4.800901224395377,
        "brake": 0.0,
        "id": 398,
        "ego_matrix": [
            [
                0.4884655773639679,
                0.8725831508636475,
                -0.00016350895748473704,
                31.445131301879883
            ],
            [
                -0.8725831508636475,
                0.4884655773639679,
                -6.338809180306271e-05,
                -295.38037109375
            ],
            [
                2.4557111828471534e-05,
                0.00017363806546200067,
                1.0,
                0.0357787124812603
            ],
            [
                0.0,
                0.0,
                0.0,
                1.0
            ]
        ]
    },
    {
        "class": "Car",
        "extent": [
            1.6672759056091309,
            4.611005783081055,
            2.241713285446167
        ],
        "position": [
            6.445544052725276,
            -0.6591344397021961,
            -2.45964506038163
        ],
        "yaw": -0.2584742314411036,
        "num_points": 290,
        "distance": 6.930321072524956,
        "speed": 4.994415617931106,
        "brake": 0.0,
        "id": 473,
        "ego_matrix": [
            [
                0.4877205193042755,
                0.8729997277259827,
                -0.00048557750415056944,
                28.390268325805664
            ],
            [
                -0.8729998469352722,
                0.4877204895019531,
                -0.00016067195974756032,
                -297.0986022949219
            ],
            [
                9.65595172601752e-05,
                0.0005022721015848219,
                0.9999998807907104,
                0.07410214841365814
            ],
            [
                0.0,
                0.0,
                0.0,
                1.0
            ]
        ]
    }
]