[
    {
        "class": "Car",
        "extent": [
            1.5107464790344238,
            4.901683330535889,
            2.128324270248413
        ],
        "position": [
            -1.3,
            0.0,
            -2.5
        ],
        "yaw": 0,
        "num_points": -1,
        "distance": -1,
        "speed": 0.9010525589816245,
        "brake": 0.0,
        "id": 380,
        "ego_matrix": [
            [
                0.716887354850769,
                0.6971875429153442,
                -0.001421962515451014,
                22.689369201660156
            ],
            [
                -0.6971882581710815,
                0.7168880701065063,
                -6.96335919201374e-05,
                -292.0815124511719
            ],
            [
                0.0009708402212709188,
                0.0010412951232865453,
                0.9999989867210388,
                0.03293430432677269
            ],
            [
                0.0,
                0.0,
                0.0,
                1.0
            ]
        ]
    },
    {
        "class": "Car",
        "extent": [
            1.5248334407806396,
            4.513522624969482,
            2.006814479827881
        ],
        "position": [
            9.592374072732271,
            -3.1028220190648095,
            -2.5109607010571677
        ],
        "yaw": -0.26884897494167104,
        "num_points": 86,
        "distance": 10.389709739712329,
        "speed": 4.804310873170739,
        "brake": 0.0,
        "id": 398,
        "ego_matrix": [
            [
                0.5059465765953064,
                0.8625648021697998,
                -0.00015871835057623684,
                32.66123962402344
            ],
            [
                -0.8625648021697998,
                0.5059465765953064,
                -6.628650589846075e-05,
                -297.451171875
            ],
            [
                2.312660035386216e-05,
                0.00017044229025486857,
                1.0,
                0.03577932342886925
            ],
            [
                0.0,
                0.0,
                0.0,
                1.0
            ]
        ]
    },
    {
        "class": "Car",
        "extent": [
            1.6672759056091309,
            4.611005783081055,
            2.241713285446167
        ],
        "position": [
            8.68031018189462,
            0.282664891823852,
            -2.468337506262459
        ],
        "yaw": -0.2695043123069122,
        "num_points": 107,
        "distance": 9.028863402433066,
        "speed": 4.955477025084036,
        "brake": 0.0,
        "id": 473,
        "ego_matrix": [
            [
                0.505381166934967,
                0.8628960847854614,
                -0.00041880132630467415,
                29.64701271057129
            ],
            [
                -0.862896203994751,
                0.5053811073303223,
                -0.00025453968555666506,
                -299.2423095703125
            ],
            [
                -7.987021490407642e-06,
                0.0004900216590613127,
                0.9999998807907104,
                0.07399171590805054
            ],
            [
                0.0,
                0.0,
                0.0,
                1.0
            ]
        ]
    }
]