[
    {
        "class": "Car",
        "extent": [
            1.5107464790344238,
            4.901683330535889,
            2.128324270248413
        ],
        "position": [
            -1.3,
            0.0,
            -2.5
        ],
        "yaw": 0,
        "num_points": -1,
        "distance": -1,
        "speed": 2.513449468264478,
        "brake": 0.0,
        "id": 380,
        "ego_matrix": [
            [
                0.800510823726654,
                0.5993152856826782,
                -0.0019049446564167738,
                23.49464988708496
            ],
            [
                -0.5993168354034424,
                0.8005118370056152,
                -0.00033238710602745414,
                -292.53436279296875
            ],
            [
                0.001325726043432951,
                0.0014077448286116123,
                0.9999980926513672,
                0.03275764733552933
            ],
            [
                0.0,
                0.0,
                0.0,
                1.0
            ]
        ]
    },
    {
        "class": "Car",
        "extent": [
            1.5248334407806396,
            4.513522624969482,
            2.006814479827881
        ],
        "position": [
            11.218798211830011,
            -0.6728707772430158,
            -2.5145219632672293
        ],
        "yaw": -0.3776777213072139,
        "num_points": 66,
        "distance": 11.516814190755234,
        "speed": 4.80694682284124,
        "brake": 0.0,
        "id": 398,
        "ego_matrix": [
            [
                0.5230882167816162,
                0.8522785305976868,
                -0.00015094390255399048,
                33.91937255859375
            ],
            [
                -0.8522785305976868,
                0.5230882167816162,
                -6.564706563949585e-05,
                -299.4984436035156
            ],
            [
                2.3007391064311378e-05,
                0.00016298545233439654,
                1.0,
                0.0357794389128685
            ],
            [
                0.0,
                0.0,
                0.0,
                1.0
            ]
        ]
    },
    {
        "class": "Car",
        "extent": [
            1.6672759056091309,
            4.611005783081055,
            2.241713285446167
        ],
        "position": [
            9.94570215817804,
            2.5949245754053836,
            -2.4700179847190844
        ],
        "yaw": -0.3781545603003925,
        "num_points": 68,
        "distance": 10.571263586538075,
        "speed": 4.945790979916918,
        "brake": 0.0,
        "id": 473,
        "ego_matrix": [
            [
                0.5226817727088928,
                0.8525277376174927,
                -0.0004251940408721566,
                30.941720962524414
            ],
            [
                -0.8525278568267822,
                0.522681713104248,
                -0.00020629091886803508,
                -301.35137939453125
            ],
            [
                4.63724099972751e-05,
                0.00047031426220200956,
                0.9999998807907104,
                0.07399533689022064
            ],
            [
                0.0,
                0.0,
                0.0,
                1.0
            ]
        ]
    }
]