[
    {
        "class": "Car",
        "extent": [
            1.5107464790344238,
            4.901683330535889,
            2.128324270248413
        ],
        "position": [
            -1.3,
            0.0,
            -2.5
        ],
        "yaw": 0,
        "num_points": -1,
        "distance": -1,
        "speed": 3.7861195786396284,
        "brake": 0.0,
        "id": 380,
        "ego_matrix": [
            [
                0.858834445476532,
                0.5122532248497009,
                -0.00024046411272138357,
                24.90993309020996
            ],
            [
                -0.5122519135475159,
                0.8588331937789917,
                0.0018988645169883966,
                -293.2755126953125
            ],
            [
                0.0011792179429903626,
                -0.0015076319687068462,
                0.999998152256012,
                0.032830312848091125
            ],
            [
                0.0,
                0.0,
                0.0,
                1.0
            ]
        ]
    },
    {
        "class": "Car",
        "extent": [
            1.5248334407806396,
            4.513522624969482,
            2.006814479827881
        ],
        "position": [
            11.776706454857434,
            1.8025353986893837,
            -2.5151885217668317
        ],
        "yaw": -0.46329378968989465,
        "num_points": 57,
        "distance": 12.176457698667404,
        "speed": 4.809363099120017,
        "brake": 0.0,
        "id": 398,
        "ego_matrix": [
            [
                0.5393772125244141,
                0.8420642614364624,
                -0.00014247771468944848,
                35.217308044433594
            ],
            [
                -0.8420642614364624,
                0.5393772125244141,
                -6.394030060619116e-05,
                -301.5221862792969
            ],
            [
                2.3007391064311378e-05,
                0.0001544633269077167,
                1.0,
                0.035779666155576706
            ],
            [
                0.0,
                0.0,
                0.0,
                1.0
            ]
        ]
    },
    {
        "class": "Car",
        "extent": [
            1.6672759056091309,
            4.611005783081055,
            2.241713285446167
        ],
        "position": [
            10.229293771865578,
            4.950338650962945,
            -2.4799024738072823
        ],
        "yaw": -0.4635936616286377,
        "num_points": 52,
        "distance": 11.631604365260237,
        "speed": 4.944152084589965,
        "brake": 0.0,
        "id": 473,
        "ego_matrix": [
            [
                0.5391247272491455,
                0.8422257900238037,
                -0.00041203651926480234,
                32.275856018066406
            ],
            [
                -0.8422259092330933,
                0.5391246676445007,
                -0.00018916040426120162,
                -303.4328918457031
            ],
            [
                6.282329559326172e-05,
                0.0004490089195314795,
                0.9999998807907104,
                0.07398664206266403
            ],
            [
                0.0,
                0.0,
                0.0,
                1.0
            ]
        ]
    }
]