[
    {
        "class": "Car",
        "extent": [
            1.5107464790344238,
            4.901683330535889,
            2.128324270248413
        ],
        "position": [
            -1.3,
            0.0,
            -2.5
        ],
        "yaw": 0,
        "num_points": -1,
        "distance": -1,
        "speed": 3.89273269562733,
        "brake": 0.0,
        "id": 380,
        "ego_matrix": [
            [
                0.814498245716095,
                0.580163836479187,
                0.0016042584320530295,
                26.567378997802734
            ],
            [
                -0.5801660418510437,
                0.8144960403442383,
                0.0019025106448680162,
                -294.4508361816406
            ],
            [
                -0.0002028942108154297,
                -0.0024803278502076864,
                0.9999969005584717,
                0.033517640084028244
            ],
            [
                0.0,
                0.0,
                0.0,
                1.0
            ]
        ]
    },
    {
        "class": "Car",
        "extent": [
            1.5248334407806396,
            4.513522624969482,
            2.006814479827881
        ],
        "position": [
            12.096264419406467,
            1.5960377923667295,
            -2.4989787169633497
        ],
        "yaw": -0.36386097525577377,
        "num_points": 54,
        "distance": 12.454390557819258,
        "speed": 4.811705792030834,
        "brake": 0.0,
        "id": 398,
        "ego_matrix": [
            [
                0.5547003746032715,
                0.8320502042770386,
                -0.00013507898256648332,
                36.552650451660156
            ],
            [
                -0.8320502042770386,
                0.5547003746032715,
                -6.24012463958934e-05,
                -303.5228576660156
            ],
            [
                2.3007391064311378e-05,
                0.00014700648898724467,
                1.0,
                0.03577959164977074
            ],
            [
                0.0,
                0.0,
                0.0,
                1.0
            ]
        ]
    },
    {
        "class": "Car",
        "extent": [
            1.6672759056091309,
            4.611005783081055,
            2.241713285446167
        ],
        "position": [
            10.871433070756321,
            4.883034188828692,
            -2.469175052225481
        ],
        "yaw": -0.36400578464004696,
        "num_points": 50,
        "distance": 12.170821884315652,
        "speed": 4.94503398199379,
        "brake": 0.0,
        "id": 473,
        "ego_matrix": [
            [
                0.5545798540115356,
                0.8321303725242615,
                -0.00039296658360399306,
                33.64807891845703
            ],
            [
                -0.832130491733551,
                0.5545797944068909,
                -0.00017966559971682727,
                -305.48944091796875
            ],
            [
                6.842613220214844e-05,
                0.0004266384057700634,
                0.9999998807907104,
                0.07398450374603271
            ],
            [
                0.0,
                0.0,
                0.0,
                1.0
            ]
        ]
    }
]