[
    {
        "class": "Car",
        "extent": [
            1.5107464790344238,
            4.901683330535889,
            2.128324270248413
        ],
        "position": [
            -1.3,
            0.0,
            -2.5
        ],
        "yaw": 0,
        "num_points": -1,
        "distance": -1,
        "speed": 4.1201695546809,
        "brake": 0.0,
        "id": 380,
        "ego_matrix": [
            [
                0.7085644006729126,
                0.7056448459625244,
                0.0013811839744448662,
                27.900718688964844
            ],
            [
                -0.7056460380554199,
                0.708561897277832,
                0.001923943404108286,
                -295.84906005859375
            ],
            [
                0.00037896630237810314,
                -0.0023378648329526186,
                0.9999971985816956,
                0.03322821855545044
            ],
            [
                0.0,
                0.0,
                0.0,
                1.0
            ]
        ]
    },
    {
        "class": "Car",
        "extent": [
            1.5248334407806396,
            4.513522624969482,
            2.006814479827881
        ],
        "position": [
            12.612391674344389,
            -0.2335220764480705,
            -2.502175018931645
        ],
        "yaw": -0.1819823194006026,
        "num_points": 54,
        "distance": 12.860320218899133,
        "speed": 4.814008542152746,
        "brake": 0.0,
        "id": 398,
        "ego_matrix": [
            [
                0.5691564083099365,
                0.822229266166687,
                -0.00012958837032783777,
                37.92332458496094
            ],
            [
                -0.822229266166687,
                0.5691564083099365,
                -6.172081339173019e-05,
                -305.5008239746094
            ],
            [
                2.3007391064311378e-05,
                0.00014168015331961215,
                1.0,
                0.03577959164977074
            ],
            [
                0.0,
                0.0,
                0.0,
                1.0
            ]
        ]
    },
    {
        "class": "Car",
        "extent": [
            1.6672759056091309,
            4.611005783081055,
            2.241713285446167
        ],
        "position": [
            12.007485400949447,
            3.22178799680798,
            -2.471819738959579
        ],
        "yaw": -0.18204517000232845,
        "num_points": 53,
        "distance": 12.675547971283146,
        "speed": 4.946733202893633,
        "brake": 0.0,
        "id": 473,
        "ego_matrix": [
            [
                0.5691046714782715,
                0.8222650289535522,
                -0.000363010709406808,
                35.0565299987793
            ],
            [
                -0.822265088558197,
                0.5691046118736267,
                -0.00016527515253983438,
                -307.522216796875
            ],
            [
                7.069110142765567e-05,
                0.000392549904063344,
                0.9999999403953552,
                0.07398359477519989
            ],
            [
                0.0,
                0.0,
                0.0,
                1.0
            ]
        ]
    }
]