[
    {
        "class": "Car",
        "extent": [
            1.5107464790344238,
            4.901683330535889,
            2.128324270248413
        ],
        "position": [
            -1.3,
            0.0,
            -2.5
        ],
        "yaw": 0,
        "num_points": -1,
        "distance": -1,
        "speed": 3.7322640953817454,
        "brake": 0.0,
        "id": 380,
        "ego_matrix": [
            [
                0.5851708650588989,
                0.8109090328216553,
                0.0012631319696083665,
                29.00741195678711
            ],
            [
                -0.8109099268913269,
                0.5851708650588989,
                0.0003900717128999531,
                -297.4784851074219
            ],
            [
                -0.0004228353500366211,
                -0.0012525448109954596,
                0.9999991655349731,
                0.0336274690926075
            ],
            [
                0.0,
                0.0,
                0.0,
                1.0
            ]
        ]
    },
    {
        "class": "Car",
        "extent": [
            1.5248334407806396,
            4.513522624969482,
            2.006814479827881
        ],
        "position": [
            12.830334608163994,
            -2.530009866949762,
            -2.4887041898675757
        ],
        "yaw": -0.0027669577935650613,
        "num_points": 54,
        "distance": 13.312102937889952,
        "speed": 4.816289436867526,
        "brake": 0.0,
        "id": 398,
        "ego_matrix": [
            [
                0.5829249024391174,
                0.8125260472297668,
                -0.0001263665035367012,
                39.327693939208984
            ],
            [
                -0.8125260472297668,
                0.5829249024391174,
                -6.234236207092181e-05,
                -307.4564208984375
            ],
            [
                2.3007391064311378e-05,
                0.0001390169927617535,
                1.0,
                0.03577951341867447
            ],
            [
                0.0,
                0.0,
                0.0,
                1.0
            ]
        ]
    },
    {
        "class": "Car",
        "extent": [
            1.6672759056091309,
            4.611005783081055,
            2.241713285446167
        ],
        "position": [
            12.85823196247127,
            0.9776078033453375,
            -2.4548822291208445
        ],
        "yaw": -0.0027206187905975954,
        "num_points": 44,
        "distance": 13.126930066726677,
        "speed": 4.948619382824102,
        "brake": 0.0,
        "id": 473,
        "ego_matrix": [
            [
                0.5829625129699707,
                0.8124989867210388,
                -0.0003519183665048331,
                36.49970245361328
            ],
            [
                -0.8124990463256836,
                0.5829624533653259,
                -0.0001646141754463315,
                -309.5315856933594
            ],
            [
                7.140636444091797e-05,
                0.00038189723272807896,
                0.9999999403953552,
                0.0739830955862999
            ],
            [
                0.0,
                0.0,
                0.0,
                1.0
            ]
        ]
    }
]