[
    {
        "class": "Car",
        "extent": [
            1.5107464790344238,
            4.901683330535889,
            2.128324270248413
        ],
        "position": [
            -1.3,
            0.0,
            -2.5
        ],
        "yaw": 0,
        "num_points": -1,
        "distance": -1,
        "speed": 3.9746703244414556,
        "brake": 0.0,
        "id": 380,
        "ego_matrix": [
            [
                0.49312666058540344,
                0.869957447052002,
                0.0003483874024823308,
                29.958927154541016
            ],
            [
                -0.8699575066566467,
                0.49312666058540344,
                0.00013869453687220812,
                -299.2486267089844
            ],
            [
                -5.114078157930635e-05,
                -0.0003714762278832495,
                0.9999999403953552,
                0.03344261273741722
            ],
            [
                0.0,
                0.0,
                0.0,
                1.0
            ]
        ]
    },
    {
        "class": "Car",
        "extent": [
            1.5248334407806396,
            4.513522624969482,
            2.006814479827881
        ],
        "position": [
            12.850883277693624,
            -4.399648687187075,
            -2.4953050470265374
        ],
        "yaw": 0.12306813608197875,
        "num_points": 40,
        "distance": 13.81045462196262,
        "speed": 4.818552874695966,
        "brake": 0.0,
        "id": 398,
        "ego_matrix": [
            [
                0.5961910486221313,
                0.8028426170349121,
                -0.00012404269364196807,
                40.76461410522461
            ],
            [
                -0.8028426170349121,
                0.5961910486221313,
                -6.345671135932207e-05,
                -309.38970947265625
            ],
            [
                2.3007391064311378e-05,
                0.000137419076054357,
                1.0,
                0.03577951341867447
            ],
            [
                0.0,
                0.0,
                0.0,
                1.0
            ]
        ]
    },
    {
        "class": "Car",
        "extent": [
            1.6672759056091309,
            4.611005783081055,
            2.241713285446167
        ],
        "position": [
            13.327070804694632,
            -0.9245954419316974,
            -2.4583680088831175
        ],
        "yaw": 0.12317785831888994,
        "num_points": 30,
        "distance": 13.583418797625464,
        "speed": 4.950558257502876,
        "brake": 0.0,
        "id": 473,
        "ego_matrix": [
            [
                0.5962790846824646,
                0.8027771711349487,
                -0.0003495130513329059,
                37.97629928588867
            ],
            [
                -0.8027772307395935,
                0.5962790250778198,
                -0.00017080723773688078,
                -311.5176086425781
            ],
            [
                7.128715515136719e-05,
                0.0003824298910330981,
                0.9999999403953552,
                0.0739830955862999
            ],
            [
                0.0,
                0.0,
                0.0,
                1.0
            ]
        ]
    }
]