[
    {
        "class": "Car",
        "extent": [
            1.5107464790344238,
            4.901683330535889,
            2.128324270248413
        ],
        "position": [
            -1.3,
            0.0,
            -2.5
        ],
        "yaw": 0,
        "num_points": -1,
        "distance": -1,
        "speed": 4.0287711738274,
        "brake": 0.0,
        "id": 380,
        "ego_matrix": [
            [
                0.4715428650379181,
                0.8818429708480835,
                -0.0006091860122978687,
                30.8380184173584
            ],
            [
                -0.881843090057373,
                0.47154298424720764,
                8.763985533732921e-05,
                -300.9361877441406
            ],
            [
                0.0003645419783424586,
                0.0004958804929628968,
                0.9999998211860657,
                0.033236049115657806
            ],
            [
                0.0,
                0.0,
                0.0,
                1.0
            ]
        ]
    },
    {
        "class": "Car",
        "extent": [
            1.5248334407806396,
            4.513522624969482,
            2.006814479827881
        ],
        "position": [
            13.212963140938804,
            -5.16162716946331,
            -2.5053067455209335
        ],
        "yaw": 0.16387668557164436,
        "num_points": 42,
        "distance": 14.404907215581153,
        "speed": 4.820796228067063,
        "brake": 0.0,
        "id": 398,
        "ego_matrix": [
            [
                0.6090928912162781,
                0.7930989265441895,
                -0.00012426786997821182,
                42.23324966430664
            ],
            [
                -0.7930989265441895,
                0.6090928912162781,
                -6.642712105531245e-05,
                -311.3004150390625
            ],
            [
                2.3007391064311378e-05,
                0.0001390169927617535,
                1.0,
                0.0357794389128685
            ],
            [
                0.0,
                0.0,
                0.0,
                1.0
            ]
        ]
    },
    {
        "class": "Car",
        "extent": [
            1.6672759056091309,
            4.611005783081055,
            2.241713285446167
        ],
        "position": [
            13.839549081705593,
            -1.7106955007958247,
            -2.4656204045278463
        ],
        "yaw": 0.1640593784224238,
        "num_points": 37,
        "distance": 14.161175158178267,
        "speed": 4.952519411105869,
        "brake": 0.0,
        "id": 473,
        "ego_matrix": [
            [
                0.6092377305030823,
                0.792987585067749,
                -0.0003458482678979635,
                39.48550796508789
            ],
            [
                -0.7929876446723938,
                0.6092376708984375,
                -0.00017581190331839025,
                -313.480224609375
            ],
            [
                7.128715515136719e-05,
                0.00038136463263072073,
                0.9999999403953552,
                0.07398293912410736
            ],
            [
                0.0,
                0.0,
                0.0,
                1.0
            ]
        ]
    }
]