[
    {
        "class": "Car",
        "extent": [
            1.5107464790344238,
            4.901683330535889,
            2.128324270248413
        ],
        "position": [
            -1.3,
            0.0,
            -2.5
        ],
        "yaw": 0,
        "num_points": -1,
        "distance": -1,
        "speed": 3.680395402757605,
        "brake": 0.0,
        "id": 380,
        "ego_matrix": [
            [
                0.5011786222457886,
                0.8653437495231628,
                -0.00039473676588386297,
                31.83500862121582
            ],
            [
                -0.8653436899185181,
                0.5011782050132751,
                -0.0007892993162386119,
                -302.6510009765625
            ],
            [
                -0.0004851817502640188,
                0.0007371628889814019,
                0.9999995827674866,
                0.03365901857614517
            ],
            [
                0.0,
                0.0,
                0.0,
                1.0
            ]
        ]
    },
    {
        "class": "Car",
        "extent": [
            1.5248334407806396,
            4.513522624969482,
            2.006814479827881
        ],
        "position": [
            13.781342028765568,
            -5.014879678960048,
            -2.4942591311893576
        ],
        "yaw": 0.14602005730460865,
        "num_points": 46,
        "distance": 14.876012063782019,
        "speed": 4.823039568197097,
        "brake": 0.0,
        "id": 398,
        "ego_matrix": [
            [
                0.6217541694641113,
                0.7832124829292297,
                -0.0001240191049873829,
                43.73304748535156
            ],
            [
                -0.7832124829292297,
                0.6217541694641113,
                -6.907705392222852e-05,
                -313.1882019042969
            ],
            [
                2.3007391064311378e-05,
                0.00014008225116413087,
                1.0,
                0.035779476165771484
            ],
            [
                0.0,
                0.0,
                0.0,
                1.0
            ]
        ]
    },
    {
        "class": "Car",
        "extent": [
            1.6672759056091309,
            4.611005783081055,
            2.241713285446167
        ],
        "position": [
            14.355481525969434,
            -1.554901009110761,
            -2.4532263294731704
        ],
        "yaw": 0.14624010098967632,
        "num_points": 25,
        "distance": 14.646360859073623,
        "speed": 4.954461522588339,
        "brake": 0.0,
        "id": 473,
        "ego_matrix": [
            [
                0.6219264268875122,
                0.7830756306648254,
                -0.00034547527320683,
                41.02670669555664
            ],
            [
                -0.7830756902694702,
                0.6219263672828674,
                -0.00018334505148231983,
                -315.41912841796875
            ],
            [
                7.128715515136719e-05,
                0.0003845604369416833,
                0.9999999403953552,
                0.07398313283920288
            ],
            [
                0.0,
                0.0,
                0.0,
                1.0
            ]
        ]
    }
]