[
    {
        "class": "Car",
        "extent": [
            1.5107464790344238,
            4.901683330535889,
            2.128324270248413
        ],
        "position": [
            -1.3,
            0.0,
            -2.5
        ],
        "yaw": 0,
        "num_points": -1,
        "distance": -1,
        "speed": 4.068162679614427,
        "brake": 0.0,
        "id": 380,
        "ego_matrix": [
            [
                0.5474134087562561,
                0.8368619680404663,
                -0.0007013898575678468,
                32.92995834350586
            ],
            [
                -0.8368622064590454,
                0.5474134683609009,
                -0.00015566835645586252,
                -304.29449462890625
            ],
            [
                0.0002536773681640625,
                0.0006721816607750952,
                0.9999997019767761,
                0.0332912839949131
            ],
            [
                0.0,
                0.0,
                0.0,
                1.0
            ]
        ]
    },
    {
        "class": "Car",
        "extent": [
            1.5248334407806396,
            4.513522624969482,
            2.006814479827881
        ],
        "position": [
            14.454634629429751,
            -4.4325418284716,
            -2.504487913857786
        ],
        "yaw": 0.10777000667418202,
        "num_points": 35,
        "distance": 15.325023622889455,
        "speed": 4.825273437123035,
        "brake": 0.0,
        "id": 398,
        "ego_matrix": [
            [
                0.6342517733573914,
                0.7731265425682068,
                -0.0001233055954799056,
                45.26368713378906
            ],
            [
                -0.7731265425682068,
                0.6342517733573914,
                -7.139763329178095e-05,
                -315.0525207519531
            ],
            [
                2.3007391064311378e-05,
                0.00014061490946915,
                1.0,
                0.0357794389128685
            ],
            [
                0.0,
                0.0,
                0.0,
                1.0
            ]
        ]
    },
    {
        "class": "Car",
        "extent": [
            1.6672759056091309,
            4.611005783081055,
            2.241713285446167
        ],
        "position": [
            14.905261784373895,
            -0.9542950622110301,
            -2.4640606601595394
        ],
        "yaw": 0.10803046382879178,
        "num_points": 43,
        "distance": 15.137671646043295,
        "speed": 4.956411684680926,
        "brake": 0.0,
        "id": 473,
        "ego_matrix": [
            [
                0.6344531178474426,
                0.7729612588882446,
                -0.000345772277796641,
                42.599525451660156
            ],
            [
                -0.7729613184928894,
                0.6344530582427979,
                -0.00019158677605446428,
                -317.33367919921875
            ],
            [
                7.128715515136719e-05,
                0.0003888214414473623,
                0.9999999403953552,
                0.07398298382759094
            ],
            [
                0.0,
                0.0,
                0.0,
                1.0
            ]
        ]
    }
]