[
    {
        "class": "Car",
        "extent": [
            1.5107464790344238,
            4.901683330535889,
            2.128324270248413
        ],
        "position": [
            -1.3,
            0.0,
            -2.5
        ],
        "yaw": 0,
        "num_points": -1,
        "distance": -1,
        "speed": 3.8730665265222615,
        "brake": 0.0,
        "id": 380,
        "ego_matrix": [
            [
                0.5814486145973206,
                0.8135830760002136,
                -0.0002816334890667349,
                34.04656219482422
            ],
            [
                -0.8135831356048584,
                0.5814485549926758,
                -5.387387500377372e-05,
                -305.8267822265625
            ],
            [
                0.00011992453801212832,
                0.00026045716367661953,
                0.9999999403953552,
                0.03335777297616005
            ],
            [
                0.0,
                0.0,
                0.0,
                1.0
            ]
        ]
    },
    {
        "class": "Car",
        "extent": [
            1.5248334407806396,
            4.513522624969482,
            2.006814479827881
        ],
        "position": [
            15.133015733220113,
            -3.9618546665909866,
            -2.500580911736767
        ],
        "yaw": 0.08262071123612769,
        "num_points": 33,
        "distance": 15.84163383231725,
        "speed": 4.82750242367628,
        "brake": 0.0,
        "id": 398,
        "ego_matrix": [
            [
                0.646607518196106,
                0.7628228664398193,
                -0.00012335993233136833,
                46.82481384277344
            ],
            [
                -0.7628228664398193,
                0.646607518196106,
                -7.440530316671357e-05,
                -316.8927917480469
            ],
            [
                2.3007391064311378e-05,
                0.00014221279707271606,
                1.0,
                0.035779476165771484
            ],
            [
                0.0,
                0.0,
                0.0,
                1.0
            ]
        ]
    },
    {
        "class": "Car",
        "extent": [
            1.6672759056091309,
            4.611005783081055,
            2.241713285446167
        ],
        "position": [
            15.505108241883665,
            -0.4741912789982787,
            -2.4615136840078558
        ],
        "yaw": 0.08290613552595705,
        "num_points": 29,
        "distance": 15.706440990185037,
        "speed": 4.958394868077849,
        "brake": 0.0,
        "id": 473,
        "ego_matrix": [
            [
                0.6468252539634705,
                0.7626381516456604,
                -0.0003337039379402995,
                44.203651428222656
            ],
            [
                -0.7626382112503052,
                0.6468251943588257,
                -0.00018955382984131575,
                -319.2234191894531
            ],
            [
                7.128715515136719e-05,
                0.00037710359902121127,
                0.9999999403953552,
                0.07398293912410736
            ],
            [
                0.0,
                0.0,
                0.0,
                1.0
            ]
        ]
    }
]