[
    {
        "class": "Car",
        "extent": [
            1.5107464790344238,
            4.901683330535889,
            2.128324270248413
        ],
        "position": [
            -1.3,
            0.0,
            -2.5
        ],
        "yaw": 0,
        "num_points": -1,
        "distance": -1,
        "speed": 3.751760274787337,
        "brake": 0.0,
        "id": 380,
        "ego_matrix": [
            [
                0.5976887345314026,
                0.8017281889915466,
                0.0002651714312378317,
                35.253570556640625
            ],
            [
                -0.8017281293869019,
                0.5976887941360474,
                -0.0002971561625599861,
                -307.42889404296875
            ],
            [
                -0.00039672848652116954,
                -3.4988490369869396e-05,
                0.9999999403953552,
                0.03361472859978676
            ],
            [
                0.0,
                0.0,
                0.0,
                1.0
            ]
        ]
    },
    {
        "class": "Car",
        "extent": [
            1.5248334407806396,
            4.513522624969482,
            2.006814479827881
        ],
        "position": [
            15.610323409918824,
            -3.8111521076657926,
            -2.490993135626723
        ],
        "yaw": 0.07867656966172032,
        "num_points": 25,
        "distance": 16.260754107720974,
        "speed": 4.829725993870631,
        "brake": 0.0,
        "id": 398,
        "ego_matrix": [
            [
                0.6588520407676697,
                0.7522725462913513,
                -0.00012294262705836445,
                48.41619110107422
            ],
            [
                -0.7522725462913513,
                0.6588520407676697,
                -7.709121564403176e-05,
                -318.70849609375
            ],
            [
                2.3007391064311378e-05,
                0.00014327807002700865,
                1.0,
                0.0357794389128685
            ],
            [
                0.0,
                0.0,
                0.0,
                1.0
            ]
        ]
    },
    {
        "class": "Car",
        "extent": [
            1.6672759056091309,
            4.611005783081055,
            2.241713285446167
        ],
        "position": [
            15.977297404106473,
            -0.3227880106988035,
            -2.4527660952449324
        ],
        "yaw": 0.07899668162474782,
        "num_points": 20,
        "distance": 16.16769266027473,
        "speed": 4.960334504555241,
        "brake": 0.0,
        "id": 473,
        "ego_matrix": [
            [
                0.6590928435325623,
                0.7520615458488464,
                -0.00033619801979511976,
                45.83881759643555
            ],
            [
                -0.7520616054534912,
                0.6590927839279175,
                -0.00019984871323686093,
                -321.0876770019531
            ],
            [
                7.128715515136719e-05,
                0.00038456046604551375,
                0.9999999403953552,
                0.07398293912410736
            ],
            [
                0.0,
                0.0,
                0.0,
                1.0
            ]
        ]
    }
]