[
    {
        "class": "Car",
        "extent": [
            1.5107464790344238,
            4.901683330535889,
            2.128324270248413
        ],
        "position": [
            -1.3,
            0.0,
            -2.5
        ],
        "yaw": 0,
        "num_points": -1,
        "distance": -1,
        "speed": 4.147164961570642,
        "brake": 0.0,
        "id": 380,
        "ego_matrix": [
            [
                0.5983636975288391,
                0.8012245893478394,
                -0.00017547461902722716,
                36.411705017089844
            ],
            [
                -0.801224410533905,
                0.5983636975288391,
                0.0005200316663831472,
                -308.97552490234375
            ],
            [
                0.0005216597928665578,
                -0.00017057350487448275,
                0.9999998807907104,
                0.033157654106616974
            ],
            [
                0.0,
                0.0,
                0.0,
                1.0
            ]
        ]
    },
    {
        "class": "Car",
        "extent": [
            1.5248334407806396,
            4.513522624969482,
            2.006814479827881
        ],
        "position": [
            16.086065392163217,
            -4.022095388561895,
            -2.505761611960916
        ],
        "yaw": 0.09402762939618237,
        "num_points": 43,
        "distance": 16.76954359461279,
        "speed": 4.831929856453053,
        "brake": 0.0,
        "id": 398,
        "ego_matrix": [
            [
                0.6709468960762024,
                0.7415053844451904,
                -0.00012365294969640672,
                50.037498474121094
            ],
            [
                -0.7415053844451904,
                0.6709468960762024,
                -8.085872104857117e-05,
                -320.4989929199219
            ],
            [
                2.3007391064311378e-05,
                0.00014594124513678253,
                1.0,
                0.03577959164977074
            ],
            [
                0.0,
                0.0,
                0.0,
                1.0
            ]
        ]
    },
    {
        "class": "Car",
        "extent": [
            1.6672759056091309,
            4.611005783081055,
            2.241713285446167
        ],
        "position": [
            16.514977643538558,
            -0.5406798024371121,
            -2.4683758412845034
        ],
        "yaw": 0.0944350264639372,
        "num_points": 24,
        "distance": 16.707175120563583,
        "speed": 4.962275317698571,
        "brake": 0.0,
        "id": 473,
        "ego_matrix": [
            [
                0.6712489128112793,
                0.7412319183349609,
                -0.000334084325004369,
                47.50474166870117
            ],
            [
                -0.7412319779396057,
                0.6712488532066345,
                -0.0002063680294668302,
                -322.92578125
            ],
            [
                7.128715515136719e-05,
                0.00038615832454524934,
                0.9999999403953552,
                0.07398293912410736
            ],
            [
                0.0,
                0.0,
                0.0,
                1.0
            ]
        ]
    }
]