[
    {
        "class": "Car",
        "extent": [
            1.5107464790344238,
            4.901683330535889,
            2.128324270248413
        ],
        "position": [
            -1.3,
            0.0,
            -2.5
        ],
        "yaw": 0,
        "num_points": -1,
        "distance": -1,
        "speed": 3.717032013552107,
        "brake": 0.0,
        "id": 380,
        "ego_matrix": [
            [
                0.5950503945350647,
                0.8036883473396301,
                0.00014490900503005832,
                37.55600357055664
            ],
            [
                -0.8036882877349854,
                0.5950504541397095,
                -0.00020019285148009658,
                -310.5234375
            ],
            [
                -0.0002471208281349391,
                2.6631603304849705e-06,
                0.9999999403953552,
                0.033540572971105576
            ],
            [
                0.0,
                0.0,
                0.0,
                1.0
            ]
        ]
    },
    {
        "class": "Car",
        "extent": [
            1.5248334407806396,
            4.513522624969482,
            2.006814479827881
        ],
        "position": [
            16.54508643887706,
            -4.372005330322163,
            -2.493362772719462
        ],
        "yaw": 0.11442364834163599,
        "num_points": 21,
        "distance": 17.293674386742172,
        "speed": 4.8341419101966245,
        "brake": 0.0,
        "id": 398,
        "ego_matrix": [
            [
                0.6829196810722351,
                0.7304934859275818,
                -0.0001230994676006958,
                51.68846130371094
            ],
            [
                -0.7304934859275818,
                0.6829196810722351,
                -8.358686318388209e-05,
                -322.2637634277344
            ],
            [
                2.3007391064311378e-05,
                0.00014700647443532944,
                1.0,
                0.035779550671577454
            ],
            [
                0.0,
                0.0,
                0.0,
                1.0
            ]
        ]
    },
    {
        "class": "Car",
        "extent": [
            1.6672759056091309,
            4.611005783081055,
            2.241713285446167
        ],
        "position": [
            17.052824363981408,
            -0.9010744237997149,
            -2.4550245859632303
        ],
        "yaw": 0.11486506729231671,
        "num_points": 15,
        "distance": 17.252185357910683,
        "speed": 4.9641989837757965,
        "brake": 0.0,
        "id": 473,
        "ego_matrix": [
            [
                0.6832420825958252,
                0.7301918864250183,
                -0.0003349542384967208,
                49.2010498046875
            ],
            [
                -0.7301919460296631,
                0.6832420229911804,
                -0.00021578941959887743,
                -324.7372131347656
            ],
            [
                7.128715515136719e-05,
                0.0003920173039659858,
                0.9999999403953552,
                0.07398302108049393
            ],
            [
                0.0,
                0.0,
                0.0,
                1.0
            ]
        ]
    }
]