[
    {
        "class": "Car",
        "extent": [
            1.5107464790344238,
            4.901683330535889,
            2.128324270248413
        ],
        "position": [
            -1.3,
            0.0,
            -2.5
        ],
        "yaw": 0,
        "num_points": -1,
        "distance": -1,
        "speed": 3.948385889251622,
        "brake": 0.0,
        "id": 380,
        "ego_matrix": [
            [
                0.5953710675239563,
                0.803450882434845,
                -5.868970765732229e-05,
                38.7484130859375
            ],
            [
                -0.803450882434845,
                0.5953710675239563,
                -9.972292900783941e-05,
                -312.1345520019531
            ],
            [
                -4.518031710176729e-05,
                0.00010652644414221868,
                1.0,
                0.033439751714468
            ],
            [
                0.0,
                0.0,
                0.0,
                1.0
            ]
        ]
    },
    {
        "class": "Car",
        "extent": [
            1.5248334407806396,
            4.513522624969482,
            2.006814479827881
        ],
        "position": [
            16.93954060612617,
            -4.681098584490003,
            -2.4973347935006167
        ],
        "yaw": 0.13033443795820543,
        "num_points": 23,
        "distance": 17.75098309883541,
        "speed": 4.836352900301607,
        "brake": 0.0,
        "id": 398,
        "ego_matrix": [
            [
                0.6947425007820129,
                0.7192585468292236,
                -0.00012210298154968768,
                53.36874008178711
            ],
            [
                -0.7192585468292236,
                0.6947425007820129,
                -8.595343388151377e-05,
                -324.00213623046875
            ],
            [
                2.3007391064311378e-05,
                0.00014753911818843335,
                1.0,
                0.035779550671577454
            ],
            [
                0.0,
                0.0,
                0.0,
                1.0
            ]
        ]
    },
    {
        "class": "Car",
        "extent": [
            1.6672759056091309,
            4.611005783081055,
            2.241713285446167
        ],
        "position": [
            17.51012742615429,
            -1.2197549541267494,
            -2.4587368559196507
        ],
        "yaw": 0.1308232611762894,
        "num_points": 18,
        "distance": 17.723931605457498,
        "speed": 4.966129468469527,
        "brake": 0.0,
        "id": 473,
        "ego_matrix": [
            [
                0.6950939893722534,
                0.7189188003540039,
                -0.00033520907163619995,
                50.92742919921875
            ],
            [
                -0.7189188599586487,
                0.6950939297676086,
                -0.0002249414537800476,
                -326.5213623046875
            ],
            [
                7.128715515136719e-05,
                0.0003973435959778726,
                0.9999999403953552,
                0.07398298382759094
            ],
            [
                0.0,
                0.0,
                0.0,
                1.0
            ]
        ]
    }
]