[
    {
        "class": "Car",
        "extent": [
            1.5107464790344238,
            4.901683330535889,
            2.128324270248413
        ],
        "position": [
            -1.3,
            0.0,
            -2.5
        ],
        "yaw": 0,
        "num_points": -1,
        "distance": -1,
        "speed": 4.074144699939335,
        "brake": 0.0,
        "id": 380,
        "ego_matrix": [
            [
                0.6024322509765625,
                0.7981699109077454,
                -0.0004375936114229262,
                39.900150299072266
            ],
            [
                -0.7981698513031006,
                0.602432370185852,
                0.00020843595848418772,
                -313.6576843261719
            ],
            [
                0.0004299878783058375,
                0.00022370550141204149,
                0.9999998807907104,
                0.03320327773690224
            ],
            [
                0.0,
                0.0,
                0.0,
                1.0
            ]
        ]
    },
    {
        "class": "Car",
        "extent": [
            1.5248334407806396,
            4.513522624969482,
            2.006814479827881
        ],
        "position": [
            17.46628827186517,
            -4.851581582619652,
            -2.506578367082845
        ],
        "yaw": 0.13781765430521897,
        "num_points": 30,
        "distance": 18.300054780219558,
        "speed": 4.838592763531306,
        "brake": 0.0,
        "id": 398,
        "ego_matrix": [
            [
                0.7063741087913513,
                0.7078386545181274,
                -0.00011729254765668884,
                55.07795715332031
            ],
            [
                -0.7078386545181274,
                0.7063741087913513,
                -8.454613998765126e-05,
                -325.713623046875
            ],
            [
                2.3007391064311378e-05,
                0.0001427454117219895,
                1.0,
                0.03577951341867447
            ],
            [
                0.0,
                0.0,
                0.0,
                1.0
            ]
        ]
    },
    {
        "class": "Car",
        "extent": [
            1.6672759056091309,
            4.611005783081055,
            2.241713285446167
        ],
        "position": [
            18.070330447279215,
            -1.3956980756612698,
            -2.4678616048447806
        ],
        "yaw": 0.13835614547763297,
        "num_points": 27,
        "distance": 18.291395695597913,
        "speed": 4.968093316316856,
        "brake": 0.0,
        "id": 473,
        "ego_matrix": [
            [
                0.7067552208900452,
                0.7074581384658813,
                -0.00032131257466971874,
                52.68345260620117
            ],
            [
                -0.7074581980705261,
                0.7067551612854004,
                -0.00022022811754141003,
                -328.2776794433594
            ],
            [
                7.128715515136719e-05,
                0.00038296254933811724,
                0.9999999403953552,
                0.07398290187120438
            ],
            [
                0.0,
                0.0,
                0.0,
                1.0
            ]
        ]
    }
]