[
    {
        "class": "Car",
        "extent": [
            1.5107464790344238,
            4.901683330535889,
            2.128324270248413
        ],
        "position": [
            -1.3,
            0.0,
            -2.5
        ],
        "yaw": 0,
        "num_points": -1,
        "distance": -1,
        "speed": 3.6770999611497297,
        "brake": 0.0,
        "id": 380,
        "ego_matrix": [
            [
                0.6152005195617676,
                0.788370668888092,
                0.00011650232772808522,
                41.113861083984375
            ],
            [
                -0.7883704900741577,
                0.6152005195617676,
                -0.0004731001681648195,
                -315.20648193359375
            ],
            [
                -0.00044465059181675315,
                0.00019920445629395545,
                0.9999998807907104,
                0.033638764172792435
            ],
            [
                0.0,
                0.0,
                0.0,
                1.0
            ]
        ]
    },
    {
        "class": "Car",
        "extent": [
            1.5248334407806396,
            4.513522624969482,
            2.006814479827881
        ],
        "position": [
            17.971044536101452,
            -4.878757935990837,
            -2.4902622012110625
        ],
        "yaw": 0.13807185303126723,
        "num_points": 11,
        "distance": 18.787286300775747,
        "speed": 4.8407874529149,
        "brake": 0.0,
        "id": 398,
        "ego_matrix": [
            [
                0.7178521156311035,
                0.696195662021637,
                -0.00011737790191546082,
                56.81568908691406
            ],
            [
                -0.696195662021637,
                0.7178521156311035,
                -8.798185444902629e-05,
                -327.3977966308594
            ],
            [
                2.3007391064311378e-05,
                0.00014487594307865947,
                1.0,
                0.035779550671577454
            ],
            [
                0.0,
                0.0,
                0.0,
                1.0
            ]
        ]
    },
    {
        "class": "Car",
        "extent": [
            1.6672759056091309,
            4.611005783081055,
            2.241713285446167
        ],
        "position": [
            18.583188811125737,
            -1.424119925444035,
            -2.451098170225043
        ],
        "yaw": 0.13867525875525188,
        "num_points": 13,
        "distance": 18.79816230890871,
        "speed": 4.970009055759845,
        "brake": 0.0,
        "id": 473,
        "ego_matrix": [
            [
                0.7182720899581909,
                0.6957622766494751,
                -0.0003221015213057399,
                54.46875
            ],
            [
                -0.6957623362541199,
                0.7182720303535461,
                -0.0002300633059348911,
                -330.0057067871094
            ],
            [
                7.128715515136719e-05,
                0.00038935415796004236,
                0.9999999403953552,
                0.07398320734500885
            ],
            [
                0.0,
                0.0,
                0.0,
                1.0
            ]
        ]
    }
]