[
    {
        "class": "Car",
        "extent": [
            1.5107464790344238,
            4.901683330535889,
            2.128324270248413
        ],
        "position": [
            -1.3,
            0.0,
            -2.5
        ],
        "yaw": 0,
        "num_points": -1,
        "distance": -1,
        "speed": 4.052935666527005,
        "brake": 0.0,
        "id": 380,
        "ego_matrix": [
            [
                0.6297795176506042,
                0.776773989200592,
                -0.0003070425009354949,
                42.368743896484375
            ],
            [
                -0.776773989200592,
                0.629779577255249,
                8.27226904220879e-06,
                -316.7451171875
            ],
            [
                0.00019979475473519415,
                0.0002332929288968444,
                1.0,
                0.03331794589757919
            ],
            [
                0.0,
                0.0,
                0.0,
                1.0
            ]
        ]
    },
    {
        "class": "Car",
        "extent": [
            1.5248334407806396,
            4.513522624969482,
            2.006814479827881
        ],
        "position": [
            18.471665091278393,
            -4.8418634607696465,
            -2.5026182796470415
        ],
        "yaw": 0.13581495716547942,
        "num_points": 21,
        "distance": 19.25900182436028,
        "speed": 4.842984515149315,
        "brake": 0.0,
        "id": 398,
        "ego_matrix": [
            [
                0.729153573513031,
                0.6843501329421997,
                -0.00011592179362196475,
                58.581565856933594
            ],
            [
                -0.6843501329421997,
                0.729153573513031,
                -8.989170601125807e-05,
                -329.0539245605469
            ],
            [
                2.3007391064311378e-05,
                0.00014487594307865947,
                1.0,
                0.03577951341867447
            ],
            [
                0.0,
                0.0,
                0.0,
                1.0
            ]
        ]
    },
    {
        "class": "Car",
        "extent": [
            1.6672759056091309,
            4.611005783081055,
            2.241713285446167
        ],
        "position": [
            19.083142612273374,
            -1.3867968323591058,
            -2.463730933133042
        ],
        "yaw": 0.13644559371161025,
        "num_points": 22,
        "distance": 19.291436118793275,
        "speed": 4.97191835824818,
        "brake": 0.0,
        "id": 473,
        "ego_matrix": [
            [
                0.7295849919319153,
                0.6838901042938232,
                -0.0003215638571418822,
                56.28284454345703
            ],
            [
                -0.683890163898468,
                0.7295849323272705,
                -0.00023881177185103297,
                -331.704833984375
            ],
            [
                7.128715515136719e-05,
                0.00039414784987457097,
                0.9999999403953552,
                0.07398298382759094
            ],
            [
                0.0,
                0.0,
                0.0,
                1.0
            ]
        ]
    }
]