[
    {
        "class": "Car",
        "extent": [
            1.5107464790344238,
            4.901683330535889,
            2.128324270248413
        ],
        "position": [
            -1.3,
            0.0,
            -2.5
        ],
        "yaw": 0,
        "num_points": -1,
        "distance": -1,
        "speed": 3.937684308393357,
        "brake": 0.0,
        "id": 380,
        "ego_matrix": [
            [
                0.6428397297859192,
                0.7660007476806641,
                -0.0002834108890965581,
                43.5965461730957
            ],
            [
                -0.7660007476806641,
                0.642839789390564,
                3.777004894800484e-05,
                -318.1990051269531
            ],
            [
                0.00021111963724251837,
                0.00019281284767203033,
                1.0,
                0.03331233933568001
            ],
            [
                0.0,
                0.0,
                0.0,
                1.0
            ]
        ]
    },
    {
        "class": "Car",
        "extent": [
            1.5248334407806396,
            4.513522624969482,
            2.006814479827881
        ],
        "position": [
            19.047733749151405,
            -4.827937151131692,
            -2.502759595160235
        ],
        "yaw": 0.1352309925174522,
        "num_points": 23,
        "distance": 19.80880974983115,
        "speed": 4.845163203602761,
        "brake": 0.0,
        "id": 398,
        "ego_matrix": [
            [
                0.7402423024177551,
                0.6723402142524719,
                -0.00011551131319720298,
                60.37508010864258
            ],
            [
                -0.6723402142524719,
                0.7402423024177551,
                -9.29573507164605e-05,
                -330.6817932128906
            ],
            [
                2.3007391064311378e-05,
                0.00014647385978605598,
                1.0,
                0.0357794389128685
            ],
            [
                0.0,
                0.0,
                0.0,
                1.0
            ]
        ]
    },
    {
        "class": "Car",
        "extent": [
            1.6672759056091309,
            4.611005783081055,
            2.241713285446167
        ],
        "position": [
            19.66420519052689,
            -1.373538479488462,
            -2.4640201439273874
        ],
        "yaw": 0.13593939336741334,
        "num_points": 21,
        "distance": 19.86552211746422,
        "speed": 4.973830507163654,
        "brake": 0.0,
        "id": 473,
        "ego_matrix": [
            [
                0.740718424320221,
                0.6718155741691589,
                -0.0003208189154975116,
                58.12528991699219
            ],
            [
                -0.6718156337738037,
                0.7407183647155762,
                -0.00024761154782027006,
                -333.3746337890625
            ],
            [
                7.128715515136719e-05,
                0.00039894157089293003,
                0.9999999403953552,
                0.07398298382759094
            ],
            [
                0.0,
                0.0,
                0.0,
                1.0
            ]
        ]
    }
]