[
    {
        "class": "Car",
        "extent": [
            1.5107464790344238,
            4.901683330535889,
            2.128324270248413
        ],
        "position": [
            -1.3,
            0.0,
            -2.5
        ],
        "yaw": 0,
        "num_points": -1,
        "distance": -1,
        "speed": 3.7147678641084494,
        "brake": 0.0,
        "id": 380,
        "ego_matrix": [
            [
                0.6538025736808777,
                0.7566651701927185,
                0.00020382163347676396,
                44.90850830078125
            ],
            [
                -0.7566649913787842,
                0.6538025736808777,
                -0.0004305944312363863,
                -319.7107238769531
            ],
            [
                -0.0004590749158523977,
                0.0001272990630241111,
                0.9999998807907104,
                0.033645935356616974
            ],
            [
                0.0,
                0.0,
                0.0,
                1.0
            ]
        ]
    },
    {
        "class": "Car",
        "extent": [
            1.5248334407806396,
            4.513522624969482,
            2.006814479827881
        ],
        "position": [
            19.513900218347462,
            -4.86231834087593,
            -2.4889302493674417
        ],
        "yaw": 0.13721171857819892,
        "num_points": 21,
        "distance": 20.263988135750967,
        "speed": 4.8473464144948135,
        "brake": 0.0,
        "id": 398,
        "ego_matrix": [
            [
                0.7511555552482605,
                0.6601252555847168,
                -0.00011502805136842653,
                62.195838928222656
            ],
            [
                -0.6601252555847168,
                0.7511555552482605,
                -9.603717626305297e-05,
                -332.2808837890625
            ],
            [
                2.3007391064311378e-05,
                0.0001480717764934525,
                1.0,
                0.03577951341867447
            ],
            [
                0.0,
                0.0,
                0.0,
                1.0
            ]
        ]
    },
    {
        "class": "Car",
        "extent": [
            1.6672759056091309,
            4.611005783081055,
            2.241713285446167
        ],
        "position": [
            20.14380040999381,
            -1.4102492377813596,
            -2.449998158227488
        ],
        "yaw": 0.13793816234454515,
        "num_points": 13,
        "distance": 20.341189464867774,
        "speed": 4.975779413666849,
        "brake": 0.0,
        "id": 473,
        "ego_matrix": [
            [
                0.7516348958015442,
                0.659579336643219,
                -0.0003075813583564013,
                59.9956169128418
            ],
            [
                -0.6595793962478638,
                0.7516348361968994,
                -0.00024242984363809228,
                -335.0144958496094
            ],
            [
                7.128715515136719e-05,
                0.000385093066142872,
                0.9999999403953552,
                0.07398298382759094
            ],
            [
                0.0,
                0.0,
                0.0,
                1.0
            ]
        ]
    }
]