[
    {
        "class": "Car",
        "extent": [
            1.5107464790344238,
            4.901683330535889,
            2.128324270248413
        ],
        "position": [
            -1.3,
            0.0,
            -2.5
        ],
        "yaw": 0,
        "num_points": -1,
        "distance": -1,
        "speed": 4.124520851878793,
        "brake": 0.0,
        "id": 380,
        "ego_matrix": [
            [
                0.6625283360481262,
                0.7490367293357849,
                -0.0003839957353193313,
                46.205101013183594
            ],
            [
                -0.7490367293357849,
                0.6625284552574158,
                0.00023154274094849825,
                -321.17095947265625
            ],
            [
                0.00042784211109392345,
                0.0001342233008472249,
                0.9999998807907104,
                0.03320430591702461
            ],
            [
                0.0,
                0.0,
                0.0,
                1.0
            ]
        ]
    },
    {
        "class": "Car",
        "extent": [
            1.5248334407806396,
            4.513522624969482,
            2.006814479827881
        ],
        "position": [
            20.015847548374364,
            -4.960885138718253,
            -2.507210398731346
        ],
        "yaw": 0.14197524824099628,
        "num_points": 12,
        "distance": 20.773315537555053,
        "speed": 4.849471232245465,
        "brake": 0.0,
        "id": 398,
        "ego_matrix": [
            [
                0.761850118637085,
                0.6477533578872681,
                -0.00010964698594762012,
                64.04334259033203
            ],
            [
                -0.6477533578872681,
                0.761850118637085,
                -9.344170393887907e-05,
                -333.8505859375
            ],
            [
                2.3007391064311378e-05,
                0.00014221278252080083,
                1.0,
                0.03577959164977074
            ],
            [
                0.0,
                0.0,
                0.0,
                1.0
            ]
        ]
    },
    {
        "class": "Car",
        "extent": [
            1.6672759056091309,
            4.611005783081055,
            2.241713285446167
        ],
        "position": [
            20.668894395594933,
            -1.5129555994207757,
            -2.4688236566361472
        ],
        "yaw": 0.14278271868350834,
        "num_points": 12,
        "distance": 20.87072879488497,
        "speed": 4.9776796851927205,
        "brake": 0.0,
        "id": 473,
        "ego_matrix": [
            [
                0.7623729109764099,
                0.6471379399299622,
                -0.0003076919529121369,
                61.89336395263672
            ],
            [
                -0.6471379995346069,
                0.7623728513717651,
                -0.000252324651228264,
                -336.62408447265625
            ],
            [
                7.128715515136719e-05,
                0.0003914846165571362,
                0.9999999403953552,
                0.07398293912410736
            ],
            [
                0.0,
                0.0,
                0.0,
                1.0
            ]
        ]
    }
]