[
    {
        "class": "Car",
        "extent": [
            1.5107464790344238,
            4.901683330535889,
            2.128324270248413
        ],
        "position": [
            -1.3,
            0.0,
            -2.5
        ],
        "yaw": 0,
        "num_points": -1,
        "distance": -1,
        "speed": 3.789677501059762,
        "brake": 0.0,
        "id": 380,
        "ego_matrix": [
            [
                0.6706454157829285,
                0.7417780756950378,
                -1.655389496590942e-05,
                47.488197326660156
            ],
            [
                -0.7417780756950378,
                0.6706454157829285,
                -0.0001039983908412978,
                -322.58447265625
            ],
            [
                -6.60419391351752e-05,
                8.202536264434457e-05,
                1.0,
                0.033450279384851456
            ],
            [
                0.0,
                0.0,
                0.0,
                1.0
            ]
        ]
    },
    {
        "class": "Car",
        "extent": [
            1.5248334407806396,
            4.513522624969482,
            2.006814479827881
        ],
        "position": [
            20.55820221700188,
            -5.08189479965272,
            -2.496643631307504
        ],
        "yaw": 0.1474810674786261,
        "num_points": 16,
        "distance": 21.323662034735655,
        "speed": 4.850431074978732,
        "brake": 0.0,
        "id": 398,
        "ego_matrix": [
            [
                0.7723672389984131,
                0.6351762413978577,
                -0.00010890116391237825,
                65.91693878173828
            ],
            [
                -0.6351762413978577,
                0.7723672389984131,
                -9.732661419548094e-05,
                -335.3902587890625
            ],
            [
                2.2292137145996094e-05,
                0.0001443433138774708,
                1.0,
                0.035779934376478195
            ],
            [
                0.0,
                0.0,
                0.0,
                1.0
            ]
        ]
    },
    {
        "class": "Car",
        "extent": [
            1.6672759056091309,
            4.611005783081055,
            2.241713285446167
        ],
        "position": [
            21.23689538281739,
            -1.638676823867683,
            -2.4581134472341777
        ],
        "yaw": 0.14831463689982083,
        "num_points": 23,
        "distance": 21.441392421045915,
        "speed": 4.979573218695472,
        "brake": 0.0,
        "id": 473,
        "ego_matrix": [
            [
                0.772896409034729,
                0.6345321536064148,
                -0.0003065489581786096,
                63.817996978759766
            ],
            [
                -0.6345322132110596,
                0.7728963494300842,
                -0.00026104814605787396,
                -338.202880859375
            ],
            [
                7.128715515136719e-05,
                0.0003962783666793257,
                0.9999999403953552,
                0.07398286461830139
            ],
            [
                0.0,
                0.0,
                0.0,
                1.0
            ]
        ]
    }
]