[
    {
        "class": "Car",
        "extent": [
            1.5107464790344238,
            4.901683330535889,
            2.128324270248413
        ],
        "position": [
            -1.3,
            0.0,
            -2.5
        ],
        "yaw": 0,
        "num_points": -1,
        "distance": -1,
        "speed": 3.845015521190509,
        "brake": 0.0,
        "id": 380,
        "ego_matrix": [
            [
                0.6797640323638916,
                0.7334308624267578,
                4.644235741579905e-05,
                48.85560607910156
            ],
            [
                -0.7334308624267578,
                0.6797640323638916,
                -0.0002867424627766013,
                -324.0560607910156
            ],
            [
                -0.00024187563394661993,
                0.00016085496463347226,
                1.0,
                0.03353771194815636
            ],
            [
                0.0,
                0.0,
                0.0,
                1.0
            ]
        ]
    },
    {
        "class": "Car",
        "extent": [
            1.5248334407806396,
            4.513522624969482,
            2.006814479827881
        ],
        "position": [
            21.008052386683065,
            -5.1755509963121815,
            -2.493194441847236
        ],
        "yaw": 0.15151329310608774,
        "num_points": 9,
        "distance": 21.77936205957158,
        "speed": 4.850698269082498,
        "brake": 0.0,
        "id": 398,
        "ego_matrix": [
            [
                0.7826763987541199,
                0.622428834438324,
                -0.00010752918024081737,
                67.81572723388672
            ],
            [
                -0.622428834438324,
                0.7826763987541199,
                -9.958989539882168e-05,
                -336.8993225097656
            ],
            [
                2.2172927856445312e-05,
                0.00014487592852674425,
                1.0,
                0.035780008882284164
            ],
            [
                0.0,
                0.0,
                0.0,
                1.0
            ]
        ]
    },
    {
        "class": "Car",
        "extent": [
            1.6672759056091309,
            4.611005783081055,
            2.241713285446167
        ],
        "position": [
            21.707942974484784,
            -1.73627751758239,
            -2.454268997714082
        ],
        "yaw": 0.15235318753487148,
        "num_points": 11,
        "distance": 21.915129114716294,
        "speed": 4.981502802330324,
        "brake": 0.0,
        "id": 473,
        "ego_matrix": [
            [
                0.783198893070221,
                0.6217712163925171,
                -0.0002952718350570649,
                65.7690200805664
            ],
            [
                -0.6217712759971619,
                0.7831988334655762,
                -0.0002572801895439625,
                -339.75054931640625
            ],
            [
                7.128715515136719e-05,
                0.00038509309524670243,
                0.9999999403953552,
                0.07398293912410736
            ],
            [
                0.0,
                0.0,
                0.0,
                1.0
            ]
        ]
    }
]