[
    {
        "class": "Car",
        "extent": [
            1.5107464790344238,
            4.901683330535889,
            2.128324270248413
        ],
        "position": [
            -1.3,
            0.0,
            -2.5
        ],
        "yaw": 0,
        "num_points": -1,
        "distance": -1,
        "speed": 3.960407739993477,
        "brake": 0.0,
        "id": 380,
        "ego_matrix": [
            [
                0.7451961040496826,
                0.6668369770050049,
                -0.003352811560034752,
                50.24769592285156
            ],
            [
                -0.6668453812599182,
                0.7451883554458618,
                -0.003407454816624522,
                -325.32421875
            ],
            [
                0.00022625921701546758,
                0.004775029141455889,
                0.9999886155128479,
                0.033304911106824875
            ],
            [
                0.0,
                0.0,
                0.0,
                1.0
            ]
        ]
    },
    {
        "class": "Car",
        "extent": [
            1.5248334407806396,
            4.513522624969482,
            2.006814479827881
        ],
        "position": [
            21.92908925112917,
            -3.27066350469361,
            -2.5183983427690446
        ],
        "yaw": 0.07449507385515974,
        "num_points": 12,
        "distance": 22.314222490550407,
        "speed": 4.850751834157415,
        "brake": 0.0,
        "id": 398,
        "ego_matrix": [
            [
                0.7927600741386414,
                0.6095337867736816,
                -0.00010653392382664606,
                69.73898315429688
            ],
            [
                -0.6095337867736816,
                0.7927600741386414,
                -0.00010218122770311311,
                -338.3771057128906
            ],
            [
                2.2172927856445312e-05,
                0.0001459412305848673,
                1.0,
                0.03578008711338043
            ],
            [
                0.0,
                0.0,
                0.0,
                1.0
            ]
        ]
    },
    {
        "class": "Car",
        "extent": [
            1.6672759056091309,
            4.611005783081055,
            2.241713285446167
        ],
        "position": [
            22.370673382744005,
            0.21130060465111278,
            -2.463668252882653
        ],
        "yaw": 0.0754048762625581,
        "num_points": 14,
        "distance": 22.506917532243257,
        "speed": 4.983394715935233,
        "brake": 0.0,
        "id": 473,
        "ego_matrix": [
            [
                0.7933142781257629,
                0.6088122129440308,
                -0.00029456953052431345,
                67.74596405029297
            ],
            [
                -0.6088122725486755,
                0.7933142185211182,
                -0.0002667473745532334,
                -341.2664794921875
            ],
            [
                7.128715515136719e-05,
                0.0003909520455636084,
                0.9999999403953552,
                0.07398298382759094
            ],
            [
                0.0,
                0.0,
                0.0,
                1.0
            ]
        ]
    }
]