[
    {
        "class": "Car",
        "extent": [
            1.5107464790344238,
            4.901683330535889,
            2.128324270248413
        ],
        "position": [
            -1.3,
            0.0,
            -2.5
        ],
        "yaw": 0,
        "num_points": -1,
        "distance": -1,
        "speed": 3.803154927853832,
        "brake": 0.0,
        "id": 380,
        "ego_matrix": [
            [
                0.8740959167480469,
                0.48575323820114136,
                -0.0003265288542024791,
                52.08021926879883
            ],
            [
                -0.48575296998023987,
                0.8740943074226379,
                -0.0018001527059823275,
                -326.2618103027344
            ],
            [
                -0.0005890130414627492,
                0.0017321185441687703,
                0.9999983310699463,
                0.03371059522032738
            ],
            [
                0.0,
                0.0,
                0.0,
                1.0
            ]
        ]
    },
    {
        "class": "Car",
        "extent": [
            1.5248334407806396,
            4.513522624969482,
            2.006814479827881
        ],
        "position": [
            22.424930437092158,
            2.3302389495608287,
            -2.4799198580165625
        ],
        "yaw": -0.13190463773691607,
        "num_points": 16,
        "distance": 22.681656050047525,
        "speed": 4.850800605208982,
        "brake": 0.0,
        "id": 398,
        "ego_matrix": [
            [
                0.8026155233383179,
                0.5964967012405396,
                -0.00010230809130007401,
                71.6861572265625
            ],
            [
                -0.5964967012405396,
                0.8026155233383179,
                -0.00010048862895928323,
                -339.8231506347656
            ],
            [
                2.2172927856445312e-05,
                0.00014168016787152737,
                1.0,
                0.0357801616191864
            ],
            [
                0.0,
                0.0,
                0.0,
                1.0
            ]
        ]
    },
    {
        "class": "Car",
        "extent": [
            1.6672759056091309,
            4.611005783081055,
            2.241713285446167
        ],
        "position": [
            22.152878788153657,
            5.830223770529662,
            -2.4358140182328327
        ],
        "yaw": -0.13091241049377977,
        "num_points": 16,
        "distance": 23.03637857278129,
        "speed": 4.984762604068366,
        "brake": 0.0,
        "id": 473,
        "ego_matrix": [
            [
                0.8032069802284241,
                0.5956999659538269,
                -0.00029248965438455343,
                69.74821472167969
            ],
            [
                -0.5957000255584717,
                0.8032069206237793,
                -0.0002771077852230519,
                -342.7503967285156
            ],
            [
                6.98566364008002e-05,
                0.0003968109958805144,
                0.9999999403953552,
                0.07398378103971481
            ],
            [
                0.0,
                0.0,
                0.0,
                1.0
            ]
        ]
    },
    {
        "class": "Car",
        "extent": [
            2.467444658279419,
            5.203838348388672,
            2.614572286605835
        ],
        "position": [
            -45.760477764983875,
            -15.76361133756886,
            -2.5904494857130667
        ],
        "yaw": -0.5933520245535453,
        "num_points": 3,
        "distance": 48.468785792709355,
        "speed": 11.122099062043862,
        "brake": 0.0,
        "id": 526,
        "ego_matrix": [
            [
                0.4530812203884125,
                0.8914552330970764,
                -0.004987654741853476,
                20.8747501373291
            ],
            [
                -0.8914667367935181,
                0.45308607816696167,
                -0.0001694156089797616,
                -290.8859558105469
            ],
            [
                0.0021088107023388147,
                0.0045230877585709095,
                0.9999875426292419,
                -0.0032464980613440275
            ],
            [
                0.0,
                0.0,
                0.0,
                1.0
            ]
        ]
    }
]