[
    {
        "class": "Car",
        "extent": [
            1.5107464790344238,
            4.901683330535889,
            2.128324270248413
        ],
        "position": [
            -1.3,
            0.0,
            -2.5
        ],
        "yaw": 0,
        "num_points": -1,
        "distance": -1,
        "speed": 4.150443767666918,
        "brake": 0.0,
        "id": 380,
        "ego_matrix": [
            [
                0.9348931908607483,
                0.3549281358718872,
                -0.0008691938128322363,
                53.90256118774414
            ],
            [
                -0.3549289107322693,
                0.9348928332328796,
                -0.0009547435911372304,
                -326.8910217285156
            ],
            [
                0.0004737376584671438,
                0.0012010852806270123,
                0.9999991655349731,
                0.033181801438331604
            ],
            [
                0.0,
                0.0,
                0.0,
                1.0
            ]
        ]
    },
    {
        "class": "Car",
        "extent": [
            1.5248334407806396,
            4.513522624969482,
            2.006814479827881
        ],
        "position": [
            22.25992840946125,
            6.4008012111182815,
            -2.5008749585916155
        ],
        "yaw": -0.25992505502395163,
        "num_points": 6,
        "distance": 23.29654576320498,
        "speed": 4.850796543831205,
        "brake": 0.0,
        "id": 398,
        "ego_matrix": [
            [
                0.8122698664665222,
                0.5832817554473877,
                -0.000101892561360728,
                73.65675354003906
            ],
            [
                -0.5832817554473877,
                0.8122698664665222,
                -0.00010388003283878788,
                -341.2371826171875
            ],
            [
                2.2172927856445312e-05,
                0.00014381069922819734,
                1.0,
                0.0357801616191864
            ],
            [
                0.0,
                0.0,
                0.0,
                1.0
            ]
        ]
    },
    {
        "class": "Car",
        "extent": [
            1.6672759056091309,
            4.611005783081055,
            2.241713285446167
        ],
        "position": [
            21.552722770196606,
            9.839847220853988,
            -2.458204844309525
        ],
        "yaw": -0.2588732395514249,
        "num_points": 3,
        "distance": 23.81984935290914,
        "speed": 4.985244942479006,
        "brake": 0.0,
        "id": 473,
        "ego_matrix": [
            [
                0.8128829598426819,
                0.5824270248413086,
                -0.0002804540563374758,
                71.77494049072266
            ],
            [
                -0.5824270844459534,
                0.8128829002380371,
                -0.00027475893148221076,
                -344.20135498046875
            ],
            [
                6.79492877679877e-05,
                0.0003866908955387771,
                0.9999999403953552,
                0.07398462295532227
            ],
            [
                0.0,
                0.0,
                0.0,
                1.0
            ]
        ]
    },
    {
        "class": "Car",
        "extent": [
            2.467444658279419,
            5.203838348388672,
            2.614572286605835
        ],
        "position": [
            -40.72982997875375,
            -18.254759128427505,
            -2.539677280933712
        ],
        "yaw": -0.7014143797363908,
        "num_points": 8,
        "distance": 44.70576295765889,
        "speed": 11.300331989874605,
        "brake": 0.0,
        "id": 526,
        "ego_matrix": [
            [
                0.4851570129394531,
                0.8744121193885803,
                -0.0051174587570130825,
                23.519044876098633
            ],
            [
                -0.8744245767593384,
                0.4851613938808441,
                -0.0004244245355948806,
                -295.8299560546875
            ],
            [
                0.00211167149245739,
                0.004680743906646967,
                0.9999868273735046,
                -0.003249320900067687
            ],
            [
                0.0,
                0.0,
                0.0,
                1.0
            ]
        ]
    }
]