[
    {
        "class": "Car",
        "extent": [
            1.5107464790344238,
            4.901683330535889,
            2.128324270248413
        ],
        "position": [
            -1.3,
            0.0,
            -2.5
        ],
        "yaw": 0,
        "num_points": -1,
        "distance": -1,
        "speed": 3.684169806824768,
        "brake": 0.0,
        "id": 380,
        "ego_matrix": [
            [
                0.9523066878318787,
                0.3051413595676422,
                0.0008835344924591482,
                55.77313232421875
            ],
            [
                -0.3051423728466034,
                0.9523056149482727,
                0.00145880994386971,
                -327.439453125
            ],
            [
                -0.0003962516493629664,
                -0.0016588382422924042,
                0.9999985694885254,
                0.033614154905080795
            ],
            [
                0.0,
                0.0,
                0.0,
                1.0
            ]
        ]
    },
    {
        "class": "Car",
        "extent": [
            1.5248334407806396,
            4.513522624969482,
            2.006814479827881
        ],
        "position": [
            22.260937385504867,
            8.390002692022897,
            -2.5024157104197946
        ],
        "yaw": -0.296294847345755,
        "num_points": 9,
        "distance": 23.92077680263071,
        "speed": 4.850793822928388,
        "brake": 0.0,
        "id": 398,
        "ego_matrix": [
            [
                0.8217148184776306,
                0.5698989033699036,
                -0.0001001773780444637,
                75.65023040771484
            ],
            [
                -0.5698989033699036,
                0.8217148184776306,
                -0.0001055350512615405,
                -342.6187438964844
            ],
            [
                2.2172927856445312e-05,
                0.00014381069922819734,
                1.0,
                0.03578004613518715
            ],
            [
                0.0,
                0.0,
                0.0,
                1.0
            ]
        ]
    },
    {
        "class": "Car",
        "extent": [
            1.6672759056091309,
            4.611005783081055,
            2.241713285446167
        ],
        "position": [
            21.438553328998474,
            11.803941633820452,
            -2.470199980307581
        ],
        "yaw": -0.2951747883702949,
        "num_points": 11,
        "distance": 24.597692877131035,
        "speed": 4.98537891680801,
        "brake": 0.0,
        "id": 473,
        "ego_matrix": [
            [
                0.8223526477813721,
                0.5689781308174133,
                -0.0002785354445222765,
                73.82536315917969
            ],
            [
                -0.5689781904220581,
                0.8223525881767273,
                -0.000283986097201705,
                -345.6188659667969
            ],
            [
                6.747245788574219e-05,
                0.0003920173039659858,
                0.9999999403953552,
                0.0739847719669342
            ],
            [
                0.0,
                0.0,
                0.0,
                1.0
            ]
        ]
    },
    {
        "class": "Car",
        "extent": [
            2.467444658279419,
            5.203838348388672,
            2.614572286605835
        ],
        "position": [
            -37.42892357411362,
            -16.448388723011995,
            -2.523897261791195
        ],
        "yaw": -0.7172938772101518,
        "num_points": 9,
        "distance": 40.961492512947125,
        "speed": 11.477842585612098,
        "brake": 0.0,
        "id": 526,
        "ego_matrix": [
            [
                0.5170604586601257,
                0.8559330105781555,
                -0.005212815478444099,
                26.386381149291992
            ],
            [
                -0.8559461832046509,
                0.5170643925666809,
                -0.0006787306629121304,
                -300.7511291503906
            ],
            [
                0.002114413306117058,
                0.004812834784388542,
                0.9999861717224121,
                -0.0032521437387913465
            ],
            [
                0.0,
                0.0,
                0.0,
                1.0
            ]
        ]
    }
]