[
    {
        "class": "Car",
        "extent": [
            1.5107464790344238,
            4.901683330535889,
            2.128324270248413
        ],
        "position": [
            -1.3,
            0.0,
            -2.5
        ],
        "yaw": 0,
        "num_points": -1,
        "distance": -1,
        "speed": 3.989840989645332,
        "brake": 0.0,
        "id": 380,
        "ego_matrix": [
            [
                0.9184046983718872,
                0.3956414461135864,
                0.00080998579505831,
                57.59672546386719
            ],
            [
                -0.3956422507762909,
                0.9184025526046753,
                0.0019817606080323458,
                -328.2392578125
            ],
            [
                4.0173526940634474e-05,
                -0.002140522701665759,
                0.9999977350234985,
                0.03339690715074539
            ],
            [
                0.0,
                0.0,
                0.0,
                1.0
            ]
        ]
    },
    {
        "class": "Car",
        "extent": [
            1.5248334407806396,
            4.513522624969482,
            2.006814479827881
        ],
        "position": [
            23.354527231101116,
            6.504634724797379,
            -2.51253059237634
        ],
        "yaw": -0.18325021710607564,
        "num_points": 9,
        "distance": 24.37328506929073,
        "speed": 4.850779707175147,
        "brake": 0.0,
        "id": 398,
        "ego_matrix": [
            [
                0.8309310674667358,
                0.5563753843307495,
                -9.932593820849434e-05,
                77.66604614257812
            ],
            [
                -0.5563753843307495,
                0.8309310674667358,
                -0.00010848804959096014,
                -343.967529296875
            ],
            [
                2.2172927856445312e-05,
                0.00014540860138367862,
                1.0,
                0.03578012436628342
            ],
            [
                0.0,
                0.0,
                0.0,
                1.0
            ]
        ]
    },
    {
        "class": "Car",
        "extent": [
            1.6672759056091309,
            4.611005783081055,
            2.241713285446167
        ],
        "position": [
            22.93230392253784,
            9.991347028700908,
            -2.4817720675655996
        ],
        "yaw": -0.18206131541643705,
        "num_points": 15,
        "distance": 25.13715917200915,
        "speed": 4.985406005753878,
        "brake": 0.0,
        "id": 473,
        "ego_matrix": [
            [
                0.8315919637680054,
                0.555387020111084,
                -0.00027688819682225585,
                75.89881134033203
            ],
            [
                -0.5553870797157288,
                0.8315919041633606,
                -0.00029288820223882794,
                -347.00262451171875
            ],
            [
                6.759165989933535e-05,
                0.0003973435959778726,
                0.9999999403953552,
                0.07398500293493271
            ],
            [
                0.0,
                0.0,
                0.0,
                1.0
            ]
        ]
    },
    {
        "class": "Car",
        "extent": [
            2.467444658279419,
            5.203838348388672,
            2.614572286605835
        ],
        "position": [
            -36.0635869102747,
            -9.633734647266289,
            -2.514633870979302
        ],
        "yaw": -0.5831533492905459,
        "num_points": 11,
        "distance": 37.412758887763836,
        "speed": 11.65458923214105,
        "brake": 0.0,
        "id": 526,
        "ego_matrix": [
            [
                0.5487551689147949,
                0.835966169834137,
                -0.005316595546901226,
                29.481176376342773
            ],
            [
                -0.8359803557395935,
                0.5487584471702576,
                -0.0009574210271239281,
                -305.6376953125
            ],
            [
                0.0021171553526073694,
                0.0049699596129357815,
                0.99998539686203,
                -0.0032547377049922943
            ],
            [
                0.0,
                0.0,
                0.0,
                1.0
            ]
        ]
    }
]