[
    {
        "class": "Car",
        "extent": [
            1.5107464790344238,
            4.901683330535889,
            2.128324270248413
        ],
        "position": [
            -1.3,
            0.0,
            -2.5
        ],
        "yaw": 0,
        "num_points": -1,
        "distance": -1,
        "speed": 3.976835828223725,
        "brake": 0.0,
        "id": 380,
        "ego_matrix": [
            [
                0.8525665998458862,
                0.5226181745529175,
                0.0007164857815951109,
                59.18993377685547
            ],
            [
                -0.5226186513900757,
                0.8525650501251221,
                0.0016355209518224,
                -329.2725830078125
            ],
            [
                0.0002439021918689832,
                -0.0017688391963019967,
                0.9999984502792358,
                0.03329562768340111
            ],
            [
                0.0,
                0.0,
                0.0,
                1.0
            ]
        ]
    },
    {
        "class": "Car",
        "extent": [
            1.5248334407806396,
            4.513522624969482,
            2.006814479827881
        ],
        "position": [
            24.55675392790988,
            2.92918987961997,
            -2.5090033403590195
        ],
        "yaw": -0.02371398476855613,
        "num_points": 13,
        "distance": 24.857783782725246,
        "speed": 4.850775780258075,
        "brake": 0.0,
        "id": 398,
        "ego_matrix": [
            [
                0.8399346470832825,
                0.5426875352859497,
                -9.811334166442975e-05,
                79.70368194580078
            ],
            [
                -0.5426875352859497,
                0.8399346470832825,
                -0.00011099548282800242,
                -345.28314208984375
            ],
            [
                2.2172927856445312e-05,
                0.00014647384523414075,
                1.0,
                0.03578008711338043
            ],
            [
                0.0,
                0.0,
                0.0,
                1.0
            ]
        ]
    },
    {
        "class": "Car",
        "extent": [
            1.6672759056091309,
            4.611005783081055,
            2.241713285446167
        ],
        "position": [
            24.703674215553406,
            6.438808171747637,
            -2.4770423502653673
        ],
        "yaw": -0.02248253908050335,
        "num_points": 13,
        "distance": 25.648889044669566,
        "speed": 4.985445764013457,
        "brake": 0.0,
        "id": 473,
        "ego_matrix": [
            [
                0.8406023383140564,
                0.5416527390480042,
                -0.00026657056878320873,
                77.9947738647461
            ],
            [
                -0.5416527986526489,
                0.8406022787094116,
                -0.000288248440483585,
                -348.35205078125
            ],
            [
                6.79492877679877e-05,
                0.0003866909828502685,
                0.9999999403953552,
                0.07398480921983719
            ],
            [
                0.0,
                0.0,
                0.0,
                1.0
            ]
        ]
    },
    {
        "class": "Car",
        "extent": [
            2.467444658279419,
            5.203838348388672,
            2.614572286605835
        ],
        "position": [
            -33.61577801396444,
            -2.236160885937174,
            -2.5247151675189037
        ],
        "yaw": -0.4019955112739182,
        "num_points": 6,
        "distance": 33.78453986173306,
        "speed": 11.830394441729421,
        "brake": 0.0,
        "id": 526,
        "ego_matrix": [
            [
                0.5801230072975159,
                0.8145110607147217,
                -0.005378862842917442,
                32.80722427368164
            ],
            [
                -0.8145260810852051,
                0.580125629901886,
                -0.0012296851491555572,
                -310.4773254394531
            ],
            [
                0.0021188240498304367,
                0.005094592925161123,
                0.9999847412109375,
                -0.0032567977905273438
            ],
            [
                0.0,
                0.0,
                0.0,
                1.0
            ]
        ]
    }
]