[
    {
        "class": "Car",
        "extent": [
            1.5107464790344238,
            4.901683330535889,
            2.128324270248413
        ],
        "position": [
            -1.3,
            0.0,
            -2.5
        ],
        "yaw": 0,
        "num_points": -1,
        "distance": -1,
        "speed": 3.6890635769274183,
        "brake": 0.0,
        "id": 380,
        "ego_matrix": [
            [
                0.7771474719047546,
                0.6293178200721741,
                0.0009664469980634749,
                60.716190338134766
            ],
            [
                -0.629318356513977,
                0.7771475911140442,
                0.00033442219137214124,
                -330.5667419433594
            ],
            [
                -0.0005406140699051321,
                -0.0008680981700308621,
                0.9999995231628418,
                0.033686138689517975
            ],
            [
                0.0,
                0.0,
                0.0,
                1.0
            ]
        ]
    },
    {
        "class": "Car",
        "extent": [
            1.5248334407806396,
            4.513522624969482,
            2.006814479827881
        ],
        "position": [
            25.124337702366653,
            -0.8116581389556301,
            -2.4829159629303135
        ],
        "yaw": 0.12339690331854902,
        "num_points": 13,
        "distance": 25.259770497691967,
        "speed": 4.850802418556821,
        "brake": 0.0,
        "id": 398,
        "ego_matrix": [
            [
                0.8486973643302917,
                0.5288788676261902,
                -9.346805745735765e-05,
                81.76260375976562
            ],
            [
                -0.5288788676261902,
                0.8486973643302917,
                -0.00010806474892888218,
                -346.5652770996094
            ],
            [
                2.2172927856445312e-05,
                0.0001411475386703387,
                1.0,
                0.035780198872089386
            ],
            [
                0.0,
                0.0,
                0.0,
                1.0
            ]
        ]
    },
    {
        "class": "Car",
        "extent": [
            1.6672759056091309,
            4.611005783081055,
            2.241713285446167
        ],
        "position": [
            25.793870708133344,
            2.6370222576408016,
            -2.4473429725766556
        ],
        "yaw": 0.12472835070553412,
        "num_points": 4,
        "distance": 26.043562354651346,
        "speed": 4.985440813675524,
        "brake": 0.0,
        "id": 473,
        "ego_matrix": [
            [
                0.8494007587432861,
                0.5277483463287354,
                -0.00026488376897759736,
                80.1126480102539
            ],
            [
                -0.5277484059333801,
                0.8494006991386414,
                -0.00029757205629721284,
                -349.666748046875
            ],
            [
                6.79492877679877e-05,
                0.000392549904063344,
                0.9999999403953552,
                0.07398500293493271
            ],
            [
                0.0,
                0.0,
                0.0,
                1.0
            ]
        ]
    },
    {
        "class": "Car",
        "extent": [
            2.467444658279419,
            5.203838348388672,
            2.614572286605835
        ],
        "position": [
            -29.858575783216583,
            3.4245497443845094,
            -2.5553008880709007
        ],
        "yaw": -0.23266886626850847,
        "num_points": 10,
        "distance": 30.162752715599876,
        "speed": 11.99818174862108,
        "brake": 0.0,
        "id": 526,
        "ego_matrix": [
            [
                0.6111003756523132,
                0.7915345430374146,
                -0.005419526714831591,
                36.366783142089844
            ],
            [
                -0.7915504574775696,
                0.6111016869544983,
                -0.00159145996440202,
                -315.2557067871094
            ],
            [
                0.0020521865226328373,
                0.005262370686978102,
                0.999984085559845,
                -0.0032027054112404585
            ],
            [
                0.0,
                0.0,
                0.0,
                1.0
            ]
        ]
    }
]