[
    {
        "class": "Car",
        "extent": [
            1.5107464790344238,
            4.901683330535889,
            2.128324270248413
        ],
        "position": [
            -1.3,
            0.0,
            -2.5
        ],
        "yaw": 0,
        "num_points": -1,
        "distance": -1,
        "speed": 4.125222263841383,
        "brake": 0.0,
        "id": 380,
        "ego_matrix": [
            [
                0.7296369671821594,
                0.6838346719741821,
                -0.0001706804323475808,
                62.1224250793457
            ],
            [
                -0.6838345527648926,
                0.7296369671821594,
                0.00040135247400030494,
                -331.9313659667969
            ],
            [
                0.00039899349212646484,
                -0.00017612443480174989,
                0.9999999403953552,
                0.033218611031770706
            ],
            [
                0.0,
                0.0,
                0.0,
                1.0
            ]
        ]
    },
    {
        "class": "Car",
        "extent": [
            1.5248334407806396,
            4.513522624969482,
            2.006814479827881
        ],
        "position": [
            25.408242711921073,
            -3.2646429946662607,
            -2.5075198818912283
        ],
        "yaw": 0.21210590041222044,
        "num_points": 9,
        "distance": 25.7395483167167,
        "speed": 4.850794929522758,
        "brake": 0.0,
        "id": 398,
        "ego_matrix": [
            [
                0.8572458624839783,
                0.5149072408676147,
                -9.250830044038594e-05,
                83.84222412109375
            ],
            [
                -0.5149072408676147,
                0.8572458624839783,
                -0.00011095091031165794,
                -347.8133850097656
            ],
            [
                2.2172927856445312e-05,
                0.0001427454117219895,
                1.0,
                0.0357801616191864
            ],
            [
                0.0,
                0.0,
                0.0,
                1.0
            ]
        ]
    },
    {
        "class": "Car",
        "extent": [
            1.6672759056091309,
            4.611005783081055,
            2.241713285446167
        ],
        "position": [
            26.390268425926692,
            0.10882409879625654,
            -2.470300970268643
        ],
        "yaw": 0.2134789596912381,
        "num_points": 4,
        "distance": 26.505857789565166,
        "speed": 4.985425521247361,
        "brake": 0.0,
        "id": 473,
        "ego_matrix": [
            [
                0.8579521179199219,
                0.5137296319007874,
                -0.0002621508319862187,
                82.25184631347656
            ],
            [
                -0.5137296915054321,
                0.8579520583152771,
                -0.0003055372799281031,
                -350.9463195800781
            ],
            [
                6.79492877679877e-05,
                0.00039681102498434484,
                0.9999999403953552,
                0.0739850401878357
            ],
            [
                0.0,
                0.0,
                0.0,
                1.0
            ]
        ]
    },
    {
        "class": "Car",
        "extent": [
            2.467444658279419,
            5.203838348388672,
            2.614572286605835
        ],
        "position": [
            -25.514678579424718,
            6.28132251225656,
            -2.527761668926708
        ],
        "yaw": -0.121245601789983,
        "num_points": 21,
        "distance": 26.397791850251995,
        "speed": 12.153727055187323,
        "brake": 0.0,
        "id": 526,
        "ego_matrix": [
            [
                0.6415703892707825,
                0.767045259475708,
                -0.005382607225328684,
                40.15911865234375
            ],
            [
                -0.767061710357666,
                0.6415702104568481,
                -0.0019943546503782272,
                -319.95562744140625
            ],
            [
                0.0019235598156228662,
                0.005408311262726784,
                0.999983549118042,
                -0.0030982589814811945
            ],
            [
                0.0,
                0.0,
                0.0,
                1.0
            ]
        ]
    },
    {
        "class": "Car",
        "extent": [
            1.5248334407806396,
            4.513522624969482,
            2.006814479827881
        ],
        "position": [
            40.88406474471127,
            21.692891214201577,
            -2.5180906877139058
        ],
        "yaw": 3.423923415496799,
        "num_points": 2,
        "distance": 46.35114950022791,
        "speed": 4.850922592234488,
        "brake": 0.0,
        "id": 635,
        "ego_matrix": [
            [
                -0.8912625312805176,
                -0.45348769426345825,
                -3.283933619968593e-05,
                78.06713104248047
            ],
            [
                0.45348769426345825,
                -0.8912625312805176,
                -0.00011396079207770526,
                -376.6062316894531
            ],
            [
                2.241134461655747e-05,
                -0.00011646121856756508,
                1.0,
                0.035779740661382675
            ],
            [
                0.0,
                0.0,
                0.0,
                1.0
            ]
        ]
    }
]