[
    {
        "class": "Car",
        "extent": [
            1.5107464790344238,
            4.901683330535889,
            2.128324270248413
        ],
        "position": [
            -1.3,
            0.0,
            -2.5
        ],
        "yaw": 0,
        "num_points": -1,
        "distance": -1,
        "speed": 3.779984287892059,
        "brake": 0.0,
        "id": 380,
        "ego_matrix": [
            [
                0.7256306409835815,
                0.6880843639373779,
                -0.000322628126014024,
                63.497318267822266
            ],
            [
                -0.6880844235420227,
                0.725630521774292,
                -0.0004493790038395673,
                -333.25103759765625
            ],
            [
                -7.510185241699219e-05,
                0.0005480785621330142,
                0.9999998211860657,
                0.033454932272434235
            ],
            [
                0.0,
                0.0,
                0.0,
                1.0
            ]
        ]
    },
    {
        "class": "Car",
        "extent": [
            1.5248334407806396,
            4.513522624969482,
            2.006814479827881
        ],
        "position": [
            25.841868440889016,
            -3.9961298164047165,
            -2.4978265961669184
        ],
        "yaw": 0.23430421362538512,
        "num_points": 0,
        "distance": 26.268048190345116,
        "speed": 4.85077893680687,
        "brake": 0.0,
        "id": 398,
        "ego_matrix": [
            [
                0.865553617477417,
                0.500816285610199,
                -9.121459879679605e-05,
                85.94196319580078
            ],
            [
                -0.500816285610199,
                0.865553617477417,
                -0.00011337130854371935,
                -349.0272216796875
            ],
            [
                2.2172927856445312e-05,
                0.00014381069922819734,
                1.0,
                0.03578012436628342
            ],
            [
                0.0,
                0.0,
                0.0,
                1.0
            ]
        ]
    },
    {
        "class": "Car",
        "extent": [
            1.6672759056091309,
            4.611005783081055,
            2.241713285446167
        ],
        "position": [
            26.90827617312095,
            -0.6476664119604718,
            -2.457706327785777
        ],
        "yaw": 0.23572307927515213,
        "num_points": 10,
        "distance": 27.028043191910296,
        "speed": 4.985451717687044,
        "brake": 0.0,
        "id": 473,
        "ego_matrix": [
            [
                0.8662632703781128,
                0.49958765506744385,
                -0.00025231411564163864,
                84.4117431640625
            ],
            [
                -0.4995877146720886,
                0.866263210773468,
                -0.0003014909743797034,
                -352.1907653808594
            ],
            [
                6.79492877679877e-05,
                0.00038722361205145717,
                0.9999999403953552,
                0.07398507744073868
            ],
            [
                0.0,
                0.0,
                0.0,
                1.0
            ]
        ]
    },
    {
        "class": "Car",
        "extent": [
            2.467444658279419,
            5.203838348388672,
            2.614572286605835
        ],
        "position": [
            -21.29629740965164,
            6.984136459132587,
            -2.5341561455605035
        ],
        "yaw": -0.07586666839557787,
        "num_points": 34,
        "distance": 22.55509682555591,
        "speed": 12.297793564436626,
        "brake": 0.0,
        "id": 526,
        "ego_matrix": [
            [
                0.671389639377594,
                0.741085410118103,
                -0.0053247432224452496,
                44.18172836303711
            ],
            [
                -0.7411022782325745,
                0.6713880300521851,
                -0.002345952671021223,
                -324.5597839355469
            ],
            [
                0.0018364179413765669,
                0.005521227605640888,
                0.9999830722808838,
                -0.0030273054726421833
            ],
            [
                0.0,
                0.0,
                0.0,
                1.0
            ]
        ]
    },
    {
        "class": "Car",
        "extent": [
            1.5248334407806396,
            4.513522624969482,
            2.006814479827881
        ],
        "position": [
            36.76951152937346,
            22.091415836313782,
            -2.4827082672153575
        ],
        "yaw": 3.4160047057325307,
        "num_points": 2,
        "distance": 42.96733028827556,
        "speed": 4.850920379734315,
        "brake": 0.0,
        "id": 635,
        "ego_matrix": [
            [
                -0.8849387764930725,
                -0.465707391500473,
                -3.4549913834780455e-05,
                75.92095947265625
            ],
            [
                0.465707391500473,
                -0.8849387764930725,
                -0.00011377509508747607,
                -375.4762878417969
            ],
            [
                2.241134461655747e-05,
                -0.00011677414295263588,
                1.0,
                0.035779740661382675
            ],
            [
                0.0,
                0.0,
                0.0,
                1.0
            ]
        ]
    }
]