[
    {
        "class": "Car",
        "extent": [
            1.5107464790344238,
            4.901683330535889,
            2.128324270248413
        ],
        "position": [
            -1.3,
            0.0,
            -2.5
        ],
        "yaw": 0,
        "num_points": -1,
        "distance": -1,
        "speed": 3.864909653950672,
        "brake": 0.0,
        "id": 380,
        "ego_matrix": [
            [
                0.7507855296134949,
                0.660546064376831,
                -0.00024274823954328895,
                65.0116958618164
            ],
            [
                -0.660546064376831,
                0.7507853507995605,
                -0.0006065333727747202,
                -334.57470703125
            ],
            [
                -0.00021839140390511602,
                0.0006157228490337729,
                0.9999998211860657,
                0.033526189625263214
            ],
            [
                0.0,
                0.0,
                0.0,
                1.0
            ]
        ]
    },
    {
        "class": "Car",
        "extent": [
            1.5248334407806396,
            4.513522624969482,
            2.006814479827881
        ],
        "position": [
            26.331079626689856,
            -3.4890037697311618,
            -2.4938598587143104
        ],
        "yaw": 0.21339187432359252,
        "num_points": 8,
        "distance": 26.678047878493405,
        "speed": 4.8507712022449425,
        "brake": 0.0,
        "id": 398,
        "ego_matrix": [
            [
                0.873644232749939,
                0.48656532168388367,
                -9.012203372549266e-05,
                88.06135559082031
            ],
            [
                -0.48656532168388367,
                0.873644232749939,
                -0.00011624680337263271,
                -350.2068176269531
            ],
            [
                2.2172927856445312e-05,
                0.00014540860138367862,
                1.0,
                0.035780198872089386
            ],
            [
                0.0,
                0.0,
                0.0,
                1.0
            ]
        ]
    },
    {
        "class": "Car",
        "extent": [
            1.2765706777572632,
            2.3557403087615967,
            0.7636788487434387
        ],
        "position": [
            46.50230013221277,
            8.998678802040436,
            -2.5476542934913113
        ],
        "yaw": 3.469854888238369,
        "num_points": 0,
        "distance": 47.433434201708735,
        "speed": 4.747373767077775,
        "brake": 0.0,
        "id": 469,
        "ego_matrix": [
            [
                -0.9236511588096619,
                -0.3832278549671173,
                -0.0022285315208137035,
                94.95693969726562
            ],
            [
                0.38322168588638306,
                -0.9236522912979126,
                0.00275665195658803,
                -372.9063720703125
            ],
            [
                -0.0031148141715675592,
                0.0016921634087339044,
                0.9999937415122986,
                -0.030108394101262093
            ],
            [
                0.0,
                0.0,
                0.0,
                1.0
            ]
        ]
    },
    {
        "class": "Car",
        "extent": [
            1.6672759056091309,
            4.611005783081055,
            2.241713285446167
        ],
        "position": [
            27.336728578472584,
            -0.12126702986289817,
            -2.4533618645192234
        ],
        "yaw": 0.21488164663738285,
        "num_points": 17,
        "distance": 27.44686538575742,
        "speed": 4.9854418128273545,
        "brake": 0.0,
        "id": 473,
        "ego_matrix": [
            [
                0.8743681311607361,
                0.4852631986141205,
                -0.0002506781602278352,
                86.59182739257812
            ],
            [
                -0.48526325821876526,
                0.8743680715560913,
                -0.00031165702966973186,
                -353.3995666503906
            ],
            [
                6.79492877679877e-05,
                0.00039414784987457097,
                0.9999999403953552,
                0.07398496568202972
            ],
            [
                0.0,
                0.0,
                0.0,
                1.0
            ]
        ]
    },
    {
        "class": "Car",
        "extent": [
            2.467444658279419,
            5.203838348388672,
            2.614572286605835
        ],
        "position": [
            -17.396828667468956,
            6.805329818882934,
            -2.535813255841503
        ],
        "yaw": -0.07316362646817454,
        "num_points": 48,
        "distance": 18.85185695090933,
        "speed": 12.431243135734285,
        "brake": 0.0,
        "id": 526,
        "ego_matrix": [
            [
                0.7004910111427307,
                0.7136417627334595,
                -0.005263128317892551,
                48.43120574951172
            ],
            [
                -0.7136589884757996,
                0.7004879713058472,
                -0.00270540127530694,
                -329.05133056640625
            ],
            [
                0.0017560709966346622,
                0.005651188548654318,
                0.999982476234436,
                -0.0029618453700095415
            ],
            [
                0.0,
                0.0,
                0.0,
                1.0
            ]
        ]
    },
    {
        "class": "Car",
        "extent": [
            1.5248334407806396,
            4.513522624969482,
            2.006814479827881
        ],
        "position": [
            31.5425214035395,
            24.03894435572539,
            -2.4757724778303896
        ],
        "yaw": 3.3649353960369535,
        "num_points": 6,
        "distance": 39.735764137517116,
        "speed": 4.850918758460637,
        "brake": 0.0,
        "id": 635,
        "ego_matrix": [
            [
                -0.8784425854682922,
                -0.4778479039669037,
                -3.609984560171142e-05,
                73.7905502319336
            ],
            [
                0.4778479039669037,
                -0.8784425854682922,
                -0.00011326404637657106,
                -374.3168029785156
            ],
            [
                2.241134461655747e-05,
                -0.0001167461959994398,
                1.0,
                0.03577985614538193
            ],
            [
                0.0,
                0.0,
                0.0,
                1.0
            ]
        ]
    }
]