[
    {
        "class": "Car",
        "extent": [
            1.5107464790344238,
            4.901683330535889,
            2.128324270248413
        ],
        "position": [
            -1.3,
            0.0,
            -2.5
        ],
        "yaw": 0,
        "num_points": -1,
        "distance": -1,
        "speed": 4.130097362079857,
        "brake": 0.0,
        "id": 380,
        "ego_matrix": [
            [
                0.7797723412513733,
                0.62606281042099,
                -0.0006981074693612754,
                66.51922607421875
            ],
            [
                -0.6260629892349243,
                0.7797725200653076,
                -6.996936281211674e-05,
                -335.764404296875
            ],
            [
                0.0005005598068237305,
                0.0004916194011457264,
                0.9999997615814209,
                0.03316833823919296
            ],
            [
                0.0,
                0.0,
                0.0,
                1.0
            ]
        ]
    },
    {
        "class": "Car",
        "extent": [
            1.5248334407806396,
            4.513522624969482,
            2.006814479827881
        ],
        "position": [
            26.92385994315728,
            -2.6712512300772744,
            -2.512829110631045
        ],
        "yaw": 0.18469837752783347,
        "num_points": 12,
        "distance": 27.172488430619918,
        "speed": 4.850803469281733,
        "brake": 0.0,
        "id": 398,
        "ego_matrix": [
            [
                0.8814863562583923,
                0.47220948338508606,
                -8.54417885420844e-05,
                90.19979095458984
            ],
            [
                -0.47220948338508606,
                0.8814863562583923,
                -0.00011254083074163646,
                -351.3513488769531
            ],
            [
                2.2172927856445312e-05,
                0.00013954962196294218,
                1.0,
                0.035780198872089386
            ],
            [
                0.0,
                0.0,
                0.0,
                1.0
            ]
        ]
    },
    {
        "class": "Car",
        "extent": [
            1.2765706777572632,
            2.3557403087615967,
            0.7636788487434387
        ],
        "position": [
            41.84159575251123,
            11.796005062647515,
            -2.579072592387301
        ],
        "yaw": 3.4104811098946244,
        "num_points": 0,
        "distance": 43.549012457131276,
        "speed": 4.747373520141868,
        "brake": 0.0,
        "id": 469,
        "ego_matrix": [
            [
                -0.9180682301521301,
                -0.39641645550727844,
                -0.0021896688267588615,
                92.77486419677734
            ],
            [
                0.3964102864265442,
                -0.9180692434310913,
                0.0027863290160894394,
                -371.9719543457031
            ],
            [
                -0.0031148141715675592,
                0.0016900327755138278,
                0.9999937415122986,
                -0.030108431354165077
            ],
            [
                0.0,
                0.0,
                0.0,
                1.0
            ]
        ]
    },
    {
        "class": "Car",
        "extent": [
            1.6672759056091309,
            4.611005783081055,
            2.241713285446167
        ],
        "position": [
            27.842310227488856,
            0.7221218179292006,
            -2.4734158623278533
        ],
        "yaw": 0.18626591414545413,
        "num_points": 18,
        "distance": 27.961285463148418,
        "speed": 4.985424142128263,
        "brake": 0.0,
        "id": 473,
        "ego_matrix": [
            [
                0.8822254538536072,
                0.4708271026611328,
                -0.00024752828176133335,
                88.7914810180664
            ],
            [
                -0.4708271622657776,
                0.8822253942489624,
                -0.0003194940509274602,
                -354.5724182128906
            ],
            [
                6.79492877679877e-05,
                0.0003984088252764195,
                0.9999999403953552,
                0.07398492842912674
            ],
            [
                0.0,
                0.0,
                0.0,
                1.0
            ]
        ]
    },
    {
        "class": "Car",
        "extent": [
            1.6672759056091309,
            4.611005783081055,
            2.241713285446167
        ],
        "position": [
            -49.45797082827492,
            -7.806032101114913,
            -2.4385898821096723
        ],
        "yaw": -0.3304473583229858,
        "num_points": 0,
        "distance": 50.12954953146155,
        "speed": 13.861500946592939,
        "brake": 0.0,
        "id": 482,
        "ego_matrix": [
            [
                0.5344482660293579,
                0.8451963067054749,
                -0.00286878296174109,
                33.85399627685547
            ],
            [
                -0.8452010750770569,
                0.5344467163085938,
                -0.0013550752773880959,
                -299.5275573730469
            ],
            [
                0.00038790699909441173,
                0.0031489161774516106,
                0.9999949932098389,
                0.07431009411811829
            ],
            [
                0.0,
                0.0,
                0.0,
                1.0
            ]
        ]
    },
    {
        "class": "Car",
        "extent": [
            1.6355280876159668,
            5.0267767906188965,
            2.1515462398529053
        ],
        "position": [
            43.559067521373684,
            14.987000567741449,
            -2.4194018159354043
        ],
        "yaw": 3.4192690088596676,
        "num_points": 1,
        "distance": 46.128690145028244,
        "speed": 4.7751019938678105,
        "brake": 0.0,
        "id": 525,
        "ego_matrix": [
            [
                -0.9214975833892822,
                -0.38832905888557434,
                0.0065360479056835175,
                92.11622619628906
            ],
            [
                0.38831931352615356,
                -0.9215207695960999,
                -0.0027502463199198246,
                -375.53546142578125
            ],
            [
                0.00709110451862216,
                3.7284330574038904e-06,
                0.9999748468399048,
                0.12885324656963348
            ],
            [
                0.0,
                0.0,
                0.0,
                1.0
            ]
        ]
    },
    {
        "class": "Car",
        "extent": [
            2.467444658279419,
            5.203838348388672,
            2.614572286605835
        ],
        "position": [
            -13.389161460991877,
            6.691724881415846,
            -2.52672276119585
        ],
        "yaw": -0.07783674181196398,
        "num_points": 88,
        "distance": 15.180024849420215,
        "speed": 12.554878744566196,
        "brake": 0.0,
        "id": 526,
        "ego_matrix": [
            [
                0.7287289500236511,
                0.6847827434539795,
                -0.005168452858924866,
                52.903011322021484
            ],
            [
                -0.6848002076148987,
                0.728724479675293,
                -0.0030551068484783173,
                -333.4138488769531
            ],
            [
                0.001674293540418148,
                0.005765702109783888,
                0.9999819397926331,
                -0.0028955459129065275
            ],
            [
                0.0,
                0.0,
                0.0,
                1.0
            ]
        ]
    },
    {
        "class": "Car",
        "extent": [
            1.5248334407806396,
            4.513522624969482,
            2.006814479827881
        ],
        "position": [
            26.1133596200377,
            25.906477700097437,
            -2.498374495435374
        ],
        "yaw": 3.30610623413613,
        "num_points": 7,
        "distance": 36.86861826256177,
        "speed": 4.850920910697373,
        "brake": 0.0,
        "id": 635,
        "ego_matrix": [
            [
                -0.8717759847640991,
                -0.4899047017097473,
                -3.7559679185505956e-05,
                71.67632293701172
            ],
            [
                0.4899047017097473,
                -0.8717759847640991,
                -0.00011258305312367156,
                -373.1280517578125
            ],
            [
                2.241134461655747e-05,
                -0.0001165478679467924,
                1.0,
                0.035779740661382675
            ],
            [
                0.0,
                0.0,
                0.0,
                1.0
            ]
        ]
    }
]