[
    {
        "class": "Car",
        "extent": [
            1.5107464790344238,
            4.901683330535889,
            2.128324270248413
        ],
        "position": [
            -1.3,
            0.0,
            -2.5
        ],
        "yaw": 0,
        "num_points": -1,
        "distance": -1,
        "speed": 3.6899675798029636,
        "brake": 0.0,
        "id": 380,
        "ego_matrix": [
            [
                0.7999495267868042,
                0.6000672578811646,
                0.00020540403784252703,
                68.08497619628906
            ],
            [
                -0.600067138671875,
                0.7999495267868042,
                -0.0003378496621735394,
                -336.9220275878906
            ],
            [
                -0.00036704540252685547,
                0.0001470064598834142,
                0.9999999403953552,
                0.033599890768527985
            ],
            [
                0.0,
                0.0,
                0.0,
                1.0
            ]
        ]
    },
    {
        "class": "Car",
        "extent": [
            1.5248334407806396,
            4.513522624969482,
            2.006814479827881
        ],
        "position": [
            27.440460692536234,
            -2.1344147577244406,
            -2.48758452165385
        ],
        "yaw": 0.16818022073515793,
        "num_points": 12,
        "distance": 27.63553303500748,
        "speed": 4.850794901796915,
        "brake": 0.0,
        "id": 398,
        "ego_matrix": [
            [
                0.8891074657440186,
                0.4576984643936157,
                -8.431712922174484e-05,
                92.356689453125
            ],
            [
                -0.4576984643936157,
                0.8891074657440186,
                -0.00011534681107150391,
                -352.4608154296875
            ],
            [
                2.2172927856445312e-05,
                0.0001411475386703387,
                1.0,
                0.03578008711338043
            ],
            [
                0.0,
                0.0,
                0.0,
                1.0
            ]
        ]
    },
    {
        "class": "Car",
        "extent": [
            1.50146484375,
            3.633375883102417,
            1.845113754272461
        ],
        "position": [
            -49.80619630617295,
            -1.4936543096052164,
            -2.570417146646216
        ],
        "yaw": -0.33746771727254354,
        "num_points": 1,
        "distance": 49.8948417974585,
        "speed": 13.863304954748081,
        "brake": 0.0,
        "id": 400,
        "ego_matrix": [
            [
                0.5561478734016418,
                0.8310783505439758,
                -0.002893568016588688,
                30.17874526977539
            ],
            [
                -0.831083357334137,
                0.5561453104019165,
                -0.001692342571914196,
                -306.62017822265625
            ],
            [
                0.00020277498697396368,
                0.0033459889236837626,
                0.9999943971633911,
                -0.01879369653761387
            ],
            [
                0.0,
                0.0,
                0.0,
                1.0
            ]
        ]
    },
    {
        "class": "Car",
        "extent": [
            1.2765706777572632,
            2.3557403087615967,
            0.7636788487434387
        ],
        "position": [
            37.168960685080286,
            13.751487712475118,
            -2.5475668381043715
        ],
        "yaw": 3.363244887955998,
        "num_points": 0,
        "distance": 39.71303500753886,
        "speed": 4.7473738577659255,
        "brake": 0.0,
        "id": 469,
        "ego_matrix": [
            [
                -0.9122946858406067,
                -0.4095287621021271,
                -0.002151269931346178,
                90.60637664794922
            ],
            [
                0.4095225930213928,
                -0.9122956395149231,
                0.002813526429235935,
                -371.0064697265625
            ],
            [
                -0.0031148141715675592,
                0.0016857717419043183,
                0.9999937415122986,
                -0.03010835498571396
            ],
            [
                0.0,
                0.0,
                0.0,
                1.0
            ]
        ]
    },
    {
        "class": "Car",
        "extent": [
            1.6672759056091309,
            4.611005783081055,
            2.241713285446167
        ],
        "position": [
            28.312302529215835,
            1.2718874797626754,
            -2.4485588108231195
        ],
        "yaw": 0.16978237844694954,
        "num_points": 11,
        "distance": 28.44643409141255,
        "speed": 4.985452220461121,
        "brake": 0.0,
        "id": 473,
        "ego_matrix": [
            [
                0.8898396492004395,
                0.45627331733703613,
                -0.00023787289683241397,
                91.01011657714844
            ],
            [
                -0.4562733769416809,
                0.8898395895957947,
                -0.00031498540192842484,
                -355.7088623046875
            ],
            [
                6.79492877679877e-05,
                0.00038882155786268413,
                0.9999999403953552,
                0.0739850401878357
            ],
            [
                0.0,
                0.0,
                0.0,
                1.0
            ]
        ]
    },
    {
        "class": "Car",
        "extent": [
            1.6672759056091309,
            4.611005783081055,
            2.241713285446167
        ],
        "position": [
            -44.56687023009223,
            -7.0633078365785495,
            -2.4763236116231058
        ],
        "yaw": -0.3190276569896987,
        "num_points": 1,
        "distance": 45.19102143490048,
        "speed": 13.98831622607944,
        "brake": 0.0,
        "id": 482,
        "ego_matrix": [
            [
                0.5713775753974915,
                0.8206830620765686,
                -0.002650023903697729,
                37.712127685546875
            ],
            [
                -0.8206871151924133,
                0.5713769793510437,
                -0.0010625079739838839,
                -305.3087158203125
            ],
            [
                0.0006421803263947368,
                0.0027819336391985416,
                0.9999959468841553,
                0.07419553399085999
            ],
            [
                0.0,
                0.0,
                0.0,
                1.0
            ]
        ]
    },
    {
        "class": "Car",
        "extent": [
            1.6355280876159668,
            5.0267767906188965,
            2.1515462398529053
        ],
        "position": [
            38.76944461717352,
            17.011958971869863,
            -2.3875385349696536
        ],
        "yaw": 3.3722615524586796,
        "num_points": 1,
        "distance": 42.40491627442075,
        "speed": 4.775120422415297,
        "brake": 0.0,
        "id": 525,
        "ego_matrix": [
            [
                -0.9159314036369324,
                -0.4012822210788727,
                0.0064976937137544155,
                89.93021392822266
            ],
            [
                0.40127214789390564,
                -0.9159544706344604,
                -0.0028396800626069307,
                -374.57513427734375
            ],
            [
                0.00709110451862216,
                6.391433544195024e-06,
                0.9999748468399048,
                0.12885317206382751
            ],
            [
                0.0,
                0.0,
                0.0,
                1.0
            ]
        ]
    },
    {
        "class": "Car",
        "extent": [
            2.467444658279419,
            5.203838348388672,
            2.614572286605835
        ],
        "position": [
            -9.268147140244437,
            6.864412773650182,
            -2.538352634169759
        ],
        "yaw": -0.06998560976035584,
        "num_points": 186,
        "distance": 11.809400841518991,
        "speed": 12.669487537414403,
        "brake": 0.0,
        "id": 526,
        "ego_matrix": [
            [
                0.7560285329818726,
                0.6545191407203674,
                -0.005049482453614473,
                57.59174346923828
            ],
            [
                -0.6545366644859314,
                0.7560226917266846,
                -0.003383607603609562,
                -337.63177490234375
            ],
            [
                0.001602887292392552,
                0.005863174796104431,
                0.9999815225601196,
                -0.0028371810913085938
            ],
            [
                0.0,
                0.0,
                0.0,
                1.0
            ]
        ]
    },
    {
        "class": "Car",
        "extent": [
            2.467444658279419,
            5.203838348388672,
            2.614572286605835
        ],
        "position": [
            44.45065259716076,
            19.21526938022856,
            -2.5161069051238836
        ],
        "yaw": 3.3996550937473433,
        "num_points": 0,
        "distance": 48.491420763122996,
        "speed": 4.690872196432662,
        "brake": 0.0,
        "id": 573,
        "ego_matrix": [
            [
                -0.9266020059585571,
                -0.3760436475276947,
                -7.978230132721364e-05,
                93.1527328491211
            ],
            [
                0.3760435879230499,
                -0.9266017079353333,
                -0.0007494540186598897,
                -379.7467346191406
            ],
            [
                0.00020790098642464727,
                -0.0007244471926242113,
                0.9999997615814209,
                -0.002124347724020481
            ],
            [
                0.0,
                0.0,
                0.0,
                1.0
            ]
        ]
    },
    {
        "class": "Car",
        "extent": [
            1.6171096563339233,
            3.987684965133667,
            1.8508483171463013
        ],
        "position": [
            39.87658250109387,
            23.918039049206293,
            -2.4767031840957667
        ],
        "yaw": 3.36876881668904,
        "num_points": 2,
        "distance": 46.56552890914064,
        "speed": 4.97706727210522,
        "brake": 0.0,
        "id": 620,
        "ego_matrix": [
            [
                -0.914547324180603,
                -0.40447887778282166,
                -6.156673771329224e-05,
                86.67173767089844
            ],
            [
                0.40447887778282166,
                -0.914547324180603,
                -0.00016160447557922453,
                -380.76397705078125
            ],
            [
                9.059905096364673e-06,
                -0.00017269740055780858,
                1.0,
                0.038266923278570175
            ],
            [
                0.0,
                0.0,
                0.0,
                1.0
            ]
        ]
    },
    {
        "class": "Car",
        "extent": [
            1.5248334407806396,
            4.513522624969482,
            2.006814479827881
        ],
        "position": [
            20.890200127332754,
            27.092615667449166,
            -2.48569239565659
        ],
        "yaw": 3.2594388634063445,
        "num_points": 4,
        "distance": 34.301442415005674,
        "speed": 4.850915619140361,
        "brake": 0.0,
        "id": 635,
        "ego_matrix": [
            [
                -0.8649533987045288,
                -0.5018522143363953,
                -4.021944914711639e-05,
                69.57862854003906
            ],
            [
                0.5018522143363953,
                -0.8649533987045288,
                -0.00011397636990295723,
                -371.9103698730469
            ],
            [
                2.241134461655747e-05,
                -0.00011876846110681072,
                1.0,
                0.03577989339828491
            ],
            [
                0.0,
                0.0,
                0.0,
                1.0
            ]
        ]
    }
]