[
    {
        "class": "Car",
        "extent": [
            1.5107464790344238,
            4.901683330535889,
            2.128324270248413
        ],
        "position": [
            -1.3,
            0.0,
            -2.5
        ],
        "yaw": 0,
        "num_points": -1,
        "distance": -1,
        "speed": 3.9920827942685744,
        "brake": 0.0,
        "id": 380,
        "ego_matrix": [
            [
                0.8087125420570374,
                0.588204026222229,
                -5.1095204980811104e-05,
                69.70221710205078
            ],
            [
                -0.588204026222229,
                0.8087125420570374,
                3.716327410074882e-05,
                -338.0890197753906
            ],
            [
                6.318092346191406e-05,
                -0.0,
                1.0,
                0.03338577225804329
            ],
            [
                0.0,
                0.0,
                0.0,
                1.0
            ]
        ]
    },
    {
        "class": "Car",
        "extent": [
            1.5248334407806396,
            4.513522624969482,
            2.006814479827881
        ],
        "position": [
            27.864963359276633,
            -2.1134948300586984,
            -2.4994483544552195
        ],
        "yaw": 0.16983440995674703,
        "num_points": 11,
        "distance": 28.056555125088025,
        "speed": 4.850793202260051,
        "brake": 0.0,
        "id": 398,
        "ego_matrix": [
            [
                0.8964951634407043,
                0.4430534839630127,
                -8.264981443062425e-05,
                94.53145599365234
            ],
            [
                -0.4430534839630127,
                0.8964951634407043,
                -0.00011719179747160524,
                -353.5347595214844
            ],
            [
                2.2172927856445312e-05,
                0.00014168016787152737,
                1.0,
                0.03578008711338043
            ],
            [
                0.0,
                0.0,
                0.0,
                1.0
            ]
        ]
    },
    {
        "class": "Car",
        "extent": [
            1.50146484375,
            3.633375883102417,
            1.845113754272461
        ],
        "position": [
            -45.215926482906184,
            0.035108846675939276,
            -2.5494056211461413
        ],
        "yaw": -0.3076297935773502,
        "num_points": 2,
        "distance": 45.28775451885226,
        "speed": 13.863585922812327,
        "brake": 0.0,
        "id": 400,
        "ego_matrix": [
            [
                0.5926381945610046,
                0.8054639101028442,
                -0.0028061808552592993,
                34.16620635986328
            ],
            [
                -0.8054687976837158,
                0.592635452747345,
                -0.0018130999524146318,
                -312.285888671875
            ],
            [
                0.0002026557776844129,
                0.003334803506731987,
                0.9999944567680359,
                -0.018794497475028038
            ],
            [
                0.0,
                0.0,
                0.0,
                1.0
            ]
        ]
    },
    {
        "class": "Car",
        "extent": [
            1.6493593454360962,
            4.855708599090576,
            2.0327565670013428
        ],
        "position": [
            -48.68714750299452,
            -12.246666227351852,
            -2.5397027973854645
        ],
        "yaw": -0.3604244987641628,
        "num_points": 1,
        "distance": 50.267974456522055,
        "speed": 9.732903495513082,
        "brake": 0.0,
        "id": 453,
        "ego_matrix": [
            [
                0.5493077635765076,
                0.8356173038482666,
                -0.0021601521875709295,
                38.58317565917969
            ],
            [
                -0.835620105266571,
                0.5493064522743225,
                -0.0012004567543044686,
                -300.3116760253906
            ],
            [
                0.00018346309661865234,
                0.002464486751705408,
                0.9999969601631165,
                -0.009310988709330559
            ],
            [
                0.0,
                0.0,
                0.0,
                1.0
            ]
        ]
    },
    {
        "class": "Car",
        "extent": [
            1.2765706777572632,
            2.3557403087615967,
            0.7636788487434387
        ],
        "position": [
            32.63918325508284,
            14.78620736814446,
            -2.5656384755650707
        ],
        "yaw": 3.334175685709456,
        "num_points": 0,
        "distance": 35.9239573638533,
        "speed": 4.747373233780899,
        "brake": 0.0,
        "id": 469,
        "ego_matrix": [
            [
                -0.9063368439674377,
                -0.4225507378578186,
                -0.0021109851077198982,
                88.45195770263672
            ],
            [
                0.42254453897476196,
                -0.9063376784324646,
                0.0028435608837753534,
                -370.0099792480469
            ],
            [
                -0.0031148141715675592,
                0.0016852387925609946,
                0.9999937415122986,
                -0.030108394101262093
            ],
            [
                0.0,
                0.0,
                0.0,
                1.0
            ]
        ]
    },
    {
        "class": "Car",
        "extent": [
            1.6672759056091309,
            4.611005783081055,
            2.241713285446167
        ],
        "position": [
            28.752130622135898,
            1.289709170905553,
            -2.4612993787714617
        ],
        "yaw": 0.17149618918744286,
        "num_points": 5,
        "distance": 28.886092842228134,
        "speed": 4.985443218939276,
        "brake": 0.0,
        "id": 473,
        "ego_matrix": [
            [
                0.8972302079200745,
                0.44156304001808167,
                -0.0002347720874240622,
                93.24713897705078
            ],
            [
                -0.44156309962272644,
                0.8972301483154297,
                -0.0003231595328543335,
                -356.8088073730469
            ],
            [
                6.79492877679877e-05,
                0.00039361516246572137,
                0.9999999403953552,
                0.07398511469364166
            ],
            [
                0.0,
                0.0,
                0.0,
                1.0
            ]
        ]
    },
    {
        "class": "Car",
        "extent": [
            1.6672759056091309,
            4.611005783081055,
            2.241713285446167
        ],
        "position": [
            -39.67849495982879,
            -5.521284731099968,
            -2.4571145686507534
        ],
        "yaw": -0.28878759596990333,
        "num_points": 1,
        "distance": 40.13608051818852,
        "speed": 14.469971927415841,
        "brake": 0.0,
        "id": 482,
        "ego_matrix": [
            [
                0.6077083349227905,
                0.7941530346870422,
                -0.003390229307115078,
                41.91268539428711
            ],
            [
                -0.7941589951515198,
                0.6077094078063965,
                -0.0008152159862220287,
                -311.04949951171875
            ],
            [
                0.001412868034094572,
                0.003187794703990221,
                0.9999939203262329,
                0.07384641468524933
            ],
            [
                0.0,
                0.0,
                0.0,
                1.0
            ]
        ]
    },
    {
        "class": "Car",
        "extent": [
            1.6355280876159668,
            5.0267767906188965,
            2.1515462398529053
        ],
        "position": [
            34.1802934543811,
            18.08484015908016,
            -2.406774441445853
        ],
        "yaw": 3.343381700965642,
        "num_points": 2,
        "distance": 38.744631465779655,
        "speed": 4.775091053909614,
        "brake": 0.0,
        "id": 525,
        "ego_matrix": [
            [
                -0.9101698398590088,
                -0.41418495774269104,
                0.0064539555460214615,
                87.75799560546875
            ],
            [
                0.41417452692985535,
                -0.9101927280426025,
                -0.0029377236496657133,
                -373.5841064453125
            ],
            [
                0.00709110451862216,
                -7.633352652192116e-07,
                0.9999748468399048,
                0.12885300815105438
            ],
            [
                0.0,
                0.0,
                0.0,
                1.0
            ]
        ]
    },
    {
        "class": "Car",
        "extent": [
            2.467444658279419,
            5.203838348388672,
            2.614572286605835
        ],
        "position": [
            -5.013565217543523,
            7.153810404062824,
            -2.535934844887471
        ],
        "yaw": -0.04363722604149334,
        "num_points": 521,
        "distance": 9.096362186355279,
        "speed": 12.775754485370452,
        "brake": 0.0,
        "id": 526,
        "ego_matrix": [
            [
                0.782282292842865,
                0.6229046583175659,
                -0.00490918755531311,
                62.491111755371094
            ],
            [
                -0.6229221224784851,
                0.7822751402854919,
                -0.003698172513395548,
                -341.6900634765625
            ],
            [
                0.001536726369522512,
                0.005951056722551584,
                0.9999811053276062,
                -0.0027836989611387253
            ],
            [
                0.0,
                0.0,
                0.0,
                1.0
            ]
        ]
    },
    {
        "class": "Car",
        "extent": [
            2.467444658279419,
            5.203838348388672,
            2.614572286605835
        ],
        "position": [
            39.88447638447434,
            20.430958085034945,
            -2.5381121170224903
        ],
        "yaw": 3.3712982870923978,
        "num_points": 0,
        "distance": 44.88471363231275,
        "speed": 4.690892370345673,
        "brake": 0.0,
        "id": 573,
        "ego_matrix": [
            [
                -0.9213991761207581,
                -0.388617604970932,
                -8.692283881828189e-05,
                90.99105072021484
            ],
            [
                0.38861754536628723,
                -0.9213988780975342,
                -0.0007410668767988682,
                -378.836669921875
            ],
            [
                0.00020790098642464727,
                -0.0007165981223806739,
                0.9999997615814209,
                -0.0021242713555693626
            ],
            [
                0.0,
                0.0,
                0.0,
                1.0
            ]
        ]
    },
    {
        "class": "Car",
        "extent": [
            1.6171096563339233,
            3.987684965133667,
            1.8508483171463013
        ],
        "position": [
            35.08536729722921,
            25.020537816063552,
            -2.4974174791172596
        ],
        "yaw": 3.339874850442226,
        "num_points": 7,
        "distance": 43.16534958796868,
        "speed": 4.97704521487758,
        "brake": 0.0,
        "id": 620,
        "ego_matrix": [
            [
                -0.9087346196174622,
                -0.4173743724822998,
                -6.530144310090691e-05,
                84.41033935546875
            ],
            [
                0.4173743724822998,
                -0.9087346196174622,
                -0.00016388545918744057,
                -379.7254638671875
            ],
            [
                9.059905096364673e-06,
                -0.0001761835446814075,
                1.0,
                0.03826715424656868
            ],
            [
                0.0,
                0.0,
                0.0,
                1.0
            ]
        ]
    },
    {
        "class": "Car",
        "extent": [
            1.5248334407806396,
            4.513522624969482,
            2.006814479827881
        ],
        "position": [
            16.078047907365185,
            27.640367612073533,
            -2.4987040672257868
        ],
        "yaw": 3.230915875499378,
        "num_points": 10,
        "distance": 32.073931287849085,
        "speed": 4.850913891596524,
        "brake": 0.0,
        "id": 635,
        "ego_matrix": [
            [
                -0.857958972454071,
                -0.5137182474136353,
                -4.177011578576639e-05,
                67.49788665771484
            ],
            [
                0.5137182474136353,
                -0.857958972454071,
                -0.00011338588228682056,
                -370.6639709472656
            ],
            [
                2.241134461655747e-05,
                -0.00011873849871335551,
                1.0,
                0.035779666155576706
            ],
            [
                0.0,
                0.0,
                0.0,
                1.0
            ]
        ]
    }
]