[
    {
        "class": "Car",
        "extent": [
            1.5107464790344238,
            4.901683330535889,
            2.128324270248413
        ],
        "position": [
            -1.3,
            0.0,
            -2.5
        ],
        "yaw": 0,
        "num_points": -1,
        "distance": -1,
        "speed": 3.981284037736613,
        "brake": 0.0,
        "id": 380,
        "ego_matrix": [
            [
                0.8095154166221619,
                0.5870985388755798,
                -0.00023060175590217113,
                71.236328125
            ],
            [
                -0.5870984792709351,
                0.8095154762268066,
                0.0002197084395447746,
                -339.1996765136719
            ],
            [
                0.00031566619873046875,
                -4.2471419874345884e-05,
                0.9999999403953552,
                0.03326019272208214
            ],
            [
                0.0,
                0.0,
                0.0,
                1.0
            ]
        ]
    },
    {
        "class": "Car",
        "extent": [
            1.5248334407806396,
            4.513522624969482,
            2.006814479827881
        ],
        "position": [
            28.357879734098123,
            -2.518590795134326,
            -2.506734975401918
        ],
        "yaw": 0.18482847294708393,
        "num_points": 15,
        "distance": 28.579649452780412,
        "speed": 4.850779375714676,
        "brake": 0.0,
        "id": 398,
        "ego_matrix": [
            [
                0.9036234021186829,
                0.42832788825035095,
                -8.094967779470608e-05,
                96.72350311279297
            ],
            [
                -0.42832788825035095,
                0.9036234021186829,
                -0.00011900951358256862,
                -354.57293701171875
            ],
            [
                2.2172927856445312e-05,
                0.00014221278252080083,
                1.0,
                0.03578023985028267
            ],
            [
                0.0,
                0.0,
                0.0,
                1.0
            ]
        ]
    },
    {
        "class": "Car",
        "extent": [
            1.50146484375,
            3.633375883102417,
            1.845113754272461
        ],
        "position": [
            -40.46187511160477,
            1.927324443243125,
            -2.539773476586311
        ],
        "yaw": -0.26431441055359306,
        "num_points": 1,
        "distance": 40.587293163858504,
        "speed": 13.863727133965519,
        "brake": 0.0,
        "id": 400,
        "ego_matrix": [
            [
                0.6280244588851929,
                0.7781888246536255,
                -0.0027313637547194958,
                38.40266418457031
            ],
            [
                -0.7781935930252075,
                0.6280214786529541,
                -0.0019441782496869564,
                -317.76800537109375
            ],
            [
                0.00020241735910531133,
                0.003346521407365799,
                0.9999943971633911,
                -0.018793506547808647
            ],
            [
                0.0,
                0.0,
                0.0,
                1.0
            ]
        ]
    },
    {
        "class": "Car",
        "extent": [
            1.6493593454360962,
            4.855708599090576,
            2.0327565670013428
        ],
        "position": [
            -45.97372634563453,
            -10.688943204485666,
            -2.5280144593956524
        ],
        "yaw": -0.328071552314526,
        "num_points": 0,
        "distance": 47.26761976278184,
        "speed": 9.740969362128025,
        "brake": 0.0,
        "id": 453,
        "ego_matrix": [
            [
                0.5771666169166565,
                0.8166236877441406,
                -0.0021253854501992464,
                41.34772491455078
            ],
            [
                -0.8166264295578003,
                0.5771652460098267,
                -0.0012821697164326906,
                -304.3189392089844
            ],
            [
                0.00017964838480111212,
                0.0024756714701652527,
                0.9999969601631165,
                -0.009310225956141949
            ],
            [
                0.0,
                0.0,
                0.0,
                1.0
            ]
        ]
    },
    {
        "class": "Car",
        "extent": [
            1.2765706777572632,
            2.3557403087615967,
            0.7636788487434387
        ],
        "position": [
            28.38957987713577,
            15.258950541690318,
            -2.573388693670688
        ],
        "yaw": 3.3184917308387343,
        "num_points": 0,
        "distance": 32.33305037578013,
        "speed": 4.747374269151073,
        "brake": 0.0,
        "id": 469,
        "ego_matrix": [
            [
                -0.9001942276954651,
                -0.4354836940765381,
                -0.0020702884066849947,
                86.31201171875
            ],
            [
                0.43547746539115906,
                -0.9001950025558472,
                0.002873013960197568,
                -368.9827575683594
            ],
            [
                -0.0031148141715675592,
                0.0016847067745402455,
                0.9999937415122986,
                -0.030108431354165077
            ],
            [
                0.0,
                0.0,
                0.0,
                1.0
            ]
        ]
    },
    {
        "class": "Car",
        "extent": [
            1.6672759056091309,
            4.611005783081055,
            2.241713285446167
        ],
        "position": [
            29.305675026700577,
            0.8689480808862722,
            -2.4689732340511785
        ],
        "yaw": 0.18657174490713618,
        "num_points": 5,
        "distance": 29.422329757657177,
        "speed": 4.985426267762794,
        "brake": 0.0,
        "id": 473,
        "ego_matrix": [
            [
                0.9043686985969543,
                0.42675191164016724,
                -0.00023101834813132882,
                95.5019302368164
            ],
            [
                -0.426751971244812,
                0.9043686389923096,
                -0.0003303475969005376,
                -357.87164306640625
            ],
            [
                6.79492877679877e-05,
                0.00039734356687404215,
                0.9999999403953552,
                0.0739850401878357
            ],
            [
                0.0,
                0.0,
                0.0,
                1.0
            ]
        ]
    },
    {
        "class": "Car",
        "extent": [
            1.6672759056091309,
            4.611005783081055,
            2.241713285446167
        ],
        "position": [
            -34.60931743461869,
            -3.690784674926987,
            -2.4480673446634427
        ],
        "yaw": -0.2404378398004875,
        "num_points": 2,
        "distance": 34.89154308039249,
        "speed": 14.341470965643849,
        "brake": 0.0,
        "id": 482,
        "ego_matrix": [
            [
                0.6464242339134216,
                0.7629738450050354,
                -0.002568053314462304,
                46.43876266479492
            ],
            [
                -0.762978196144104,
                0.6464201807975769,
                -0.0022818404249846935,
                -316.65606689453125
            ],
            [
                -8.094310032902285e-05,
                0.0034344056621193886,
                0.9999940991401672,
                0.07452146708965302
            ],
            [
                0.0,
                0.0,
                0.0,
                1.0
            ]
        ]
    },
    {
        "class": "Car",
        "extent": [
            1.6355280876159668,
            5.0267767906188965,
            2.1515462398529053
        ],
        "position": [
            29.91479697140266,
            18.574764185347014,
            -2.415049370470748
        ],
        "yaw": 3.3279355663802646,
        "num_points": 7,
        "distance": 35.295175390459576,
        "speed": 4.7751041052567125,
        "brake": 0.0,
        "id": 525,
        "ego_matrix": [
            [
                -0.9042482972145081,
                -0.4269587993621826,
                0.006413872819393873,
                85.5999526977539
            ],
            [
                0.42694810032844543,
                -0.9042710661888123,
                -0.0030242381617426872,
                -372.5623779296875
            ],
            [
                0.00709110451862216,
                3.7284330574038904e-06,
                0.9999748468399048,
                0.12885317206382751
            ],
            [
                0.0,
                0.0,
                0.0,
                1.0
            ]
        ]
    },
    {
        "class": "Car",
        "extent": [
            2.467444658279419,
            5.203838348388672,
            2.614572286605835
        ],
        "position": [
            -0.5060305633660767,
            7.298832677257281,
            -2.536554084211991
        ],
        "yaw": -0.003599461950323901,
        "num_points": 960,
        "distance": 7.743586507800621,
        "speed": 12.874277225766747,
        "brake": 0.0,
        "id": 526,
        "ego_matrix": [
            [
                0.8073961138725281,
                0.5899905562400818,
                -0.004757452290505171,
                67.59393310546875
            ],
            [
                -0.5900079011917114,
                0.8073874711990356,
                -0.004010254517197609,
                -345.5743408203125
            ],
            [
                0.0014750950504094362,
                0.006044798530638218,
                0.999980628490448,
                -0.0027332687750458717
            ],
            [
                0.0,
                0.0,
                0.0,
                1.0
            ]
        ]
    },
    {
        "class": "Car",
        "extent": [
            1.6355280876159668,
            5.0267767906188965,
            2.1515462398529053
        ],
        "position": [
            46.11250777009437,
            11.182929362994598,
            -2.419848767022856
        ],
        "yaw": 3.432502189737244,
        "num_points": 3,
        "distance": 47.51080877063663,
        "speed": 4.775111951138643,
        "brake": 0.0,
        "id": 527,
        "ego_matrix": [
            [
                -0.9438725113868713,
                -0.33024245500564575,
                0.006688928697258234,
                103.05198669433594
            ],
            [
                0.3302341401576996,
                -0.9438961744308472,
                -0.00234443717636168,
                -376.0882263183594
            ],
            [
                0.007087886333465576,
                -3.9371661841869354e-06,
                0.9999749064445496,
                0.12885290384292603
            ],
            [
                0.0,
                0.0,
                0.0,
                1.0
            ]
        ]
    },
    {
        "class": "Car",
        "extent": [
            2.467444658279419,
            5.203838348388672,
            2.614572286605835
        ],
        "position": [
            35.67127098674744,
            20.990064306143022,
            -2.547946448651799
        ],
        "yaw": 3.3563440383603576,
        "num_points": 1,
        "distance": 41.46702791967597,
        "speed": 4.690865613471495,
        "brake": 0.0,
        "id": 573,
        "ego_matrix": [
            [
                -0.9160337448120117,
                -0.4011012315750122,
                -0.0001083333627320826,
                88.8419189453125
            ],
            [
                0.4011012017726898,
                -0.9160333871841431,
                -0.0007657367968931794,
                -377.8972473144531
            ],
            [
                0.00020790098642464727,
                -0.0007448933902196586,
                0.9999997019767761,
                -0.002124194987118244
            ],
            [
                0.0,
                0.0,
                0.0,
                1.0
            ]
        ]
    },
    {
        "class": "Car",
        "extent": [
            1.6171096563339233,
            3.987684965133667,
            1.8508483171463013
        ],
        "position": [
            30.710109610113864,
            25.524122288697242,
            -2.5061815946050836
        ],
        "yaw": 3.324390366337151,
        "num_points": 4,
        "distance": 40.01090597647992,
        "speed": 4.977055593516986,
        "brake": 0.0,
        "id": 620,
        "ego_matrix": [
            [
                -0.9027516841888428,
                -0.4301620423793793,
                -6.595758895855397e-05,
                82.16383361816406
            ],
            [
                0.4301620423793793,
                -0.9027516841888428,
                -0.00015948228246998042,
                -378.6549377441406
            ],
            [
                9.059905096364673e-06,
                -0.00017234536062460393,
                1.0,
                0.03826715424656868
            ],
            [
                0.0,
                0.0,
                0.0,
                1.0
            ]
        ]
    },
    {
        "class": "Car",
        "extent": [
            1.5248334407806396,
            4.513522624969482,
            2.006814479827881
        ],
        "position": [
            11.727467874473618,
            27.84495674337523,
            -2.502775357713971
        ],
        "yaw": 3.2157656181111074,
        "num_points": 12,
        "distance": 30.31730534329245,
        "speed": 4.850913201441717,
        "brake": 0.0,
        "id": 635,
        "ego_matrix": [
            [
                -0.850796639919281,
                -0.5254951119422913,
                -4.333757533458993e-05,
                65.43453216552734
            ],
            [
                0.5254951119422913,
                -0.850796639919281,
                -0.00011281325714662671,
                -369.3890075683594
            ],
            [
                2.241134461655747e-05,
                -0.00011875481868628412,
                1.0,
                0.03577978163957596
            ],
            [
                0.0,
                0.0,
                0.0,
                1.0
            ]
        ]
    }
]