[
    {
        "class": "Car",
        "extent": [
            1.5107464790344238,
            4.901683330535889,
            2.128324270248413
        ],
        "position": [
            -1.3,
            0.0,
            -2.5
        ],
        "yaw": 0,
        "num_points": -1,
        "distance": -1,
        "speed": 3.6688907359216913,
        "brake": 0.0,
        "id": 380,
        "ego_matrix": [
            [
                0.8088710308074951,
                0.5879859328269958,
                0.00039778166683390737,
                72.84452819824219
            ],
            [
                -0.5879858732223511,
                0.8088711500167847,
                -0.00030430135666392744,
                -340.36968994140625
            ],
            [
                -0.0005006790161132812,
                1.225054347742116e-05,
                0.9999998807907104,
                0.03366637974977493
            ],
            [
                0.0,
                0.0,
                0.0,
                1.0
            ]
        ]
    },
    {
        "class": "Car",
        "extent": [
            1.5248334407806396,
            4.513522624969482,
            2.006814479827881
        ],
        "position": [
            28.742061875653363,
            -3.040065300595308,
            -2.482881949602421
        ],
        "yaw": 0.20227264414029372,
        "num_points": 0,
        "distance": 29.008840388258054,
        "speed": 4.8508061597934224,
        "brake": 0.0,
        "id": 398,
        "ego_matrix": [
            [
                0.9105044603347778,
                0.41349929571151733,
                -7.723150338279083e-05,
                98.93220520019531
            ],
            [
                -0.41349929571151733,
                0.9105044603347778,
                -0.00011643719335552305,
                -355.5749816894531
            ],
            [
                2.2172927856445312e-05,
                0.00013795174891129136,
                1.0,
                0.03578023985028267
            ],
            [
                0.0,
                0.0,
                0.0,
                1.0
            ]
        ]
    },
    {
        "class": "Car",
        "extent": [
            1.50146484375,
            3.633375883102417,
            1.845113754272461
        ],
        "position": [
            -35.718662723004165,
            3.52865109163632,
            -2.5685998329982924
        ],
        "yaw": -0.15715852882678327,
        "num_points": 2,
        "distance": 35.9843292329913,
        "speed": 13.712552602215368,
        "brake": 0.0,
        "id": 400,
        "ego_matrix": [
            [
                0.7068755030632019,
                0.7072487473487854,
                -0.011230946518480778,
                42.929443359375
            ],
            [
                -0.7073378562927246,
                0.706779420375824,
                -0.011660384014248848,
                -322.9862060546875
            ],
            [
                -0.000308990478515625,
                0.016186513006687164,
                0.9998689293861389,
                -0.017743969336152077
            ],
            [
                0.0,
                0.0,
                0.0,
                1.0
            ]
        ]
    },
    {
        "class": "Car",
        "extent": [
            1.6493593454360962,
            4.855708599090576,
            2.0327565670013428
        ],
        "position": [
            -43.326345329116585,
            -9.179433003080623,
            -2.5641300908608216
        ],
        "yaw": -0.2932719597714333,
        "num_points": 9,
        "distance": 44.36224693316115,
        "speed": 9.74784293774378,
        "brake": 0.0,
        "id": 453,
        "ego_matrix": [
            [
                0.6043563485145569,
                0.7967114448547363,
                -0.0020784682128578424,
                44.24798583984375
            ],
            [
                -0.7967141270637512,
                0.6043548583984375,
                -0.0013546005357056856,
                -308.2337951660156
            ],
            [
                0.00017690657114144415,
                0.00247460650280118,
                0.9999969601631165,
                -0.009309539571404457
            ],
            [
                0.0,
                0.0,
                0.0,
                1.0
            ]
        ]
    },
    {
        "class": "Car",
        "extent": [
            1.2765706777572632,
            2.3557403087615967,
            0.7636788487434387
        ],
        "position": [
            24.07677647936701,
            15.61945651818962,
            -2.5508777745429487
        ],
        "yaw": 3.3052610799641933,
        "num_points": 0,
        "distance": 28.81259386070046,
        "speed": 4.747372455602498,
        "brake": 0.0,
        "id": 469,
        "ego_matrix": [
            [
                -0.8938629031181335,
                -0.4483358860015869,
                -0.0020291537512093782,
                84.18702697753906
            ],
            [
                0.4483296871185303,
                -0.8938636183738708,
                0.0029019038192927837,
                -367.92498779296875
            ],
            [
                -0.0031148141715675592,
                0.0016841740580275655,
                0.9999937415122986,
                -0.03010835498571396
            ],
            [
                0.0,
                0.0,
                0.0,
                1.0
            ]
        ]
    },
    {
        "class": "Car",
        "extent": [
            1.6672759056091309,
            4.611005783081055,
            2.241713285446167
        ],
        "position": [
            29.75853379366936,
            0.3283114265452931,
            -2.444127147228849
        ],
        "yaw": 0.20408462565646995,
        "num_points": 4,
        "distance": 29.860540508396404,
        "speed": 4.985452114777694,
        "brake": 0.0,
        "id": 473,
        "ego_matrix": [
            [
                0.9112522006034851,
                0.4118487238883972,
                -0.00022161586093716323,
                97.77385711669922
            ],
            [
                -0.411848783493042,
                0.9112521409988403,
                -0.0003253589093219489,
                -358.8972473144531
            ],
            [
                6.79492877679877e-05,
                0.00038775624125264585,
                0.9999999403953552,
                0.07398484647274017
            ],
            [
                0.0,
                0.0,
                0.0,
                1.0
            ]
        ]
    },
    {
        "class": "Car",
        "extent": [
            1.6672759056091309,
            4.611005783081055,
            2.241713285446167
        ],
        "position": [
            -29.67844222626866,
            -2.1530364093784167,
            -2.470509715199386
        ],
        "yaw": -0.188422841601823,
        "num_points": 1,
        "distance": 29.858816403383614,
        "speed": 12.837269386735185,
        "brake": 1.0,
        "id": 482,
        "ego_matrix": [
            [
                0.6844051480293274,
                0.729098916053772,
                0.0021051899529993534,
                51.1559944152832
            ],
            [
                -0.7290735840797424,
                0.6844010949134827,
                -0.006843444891273975,
                -321.9420471191406
            ],
            [
                -0.006430342793464661,
                0.0031488502863794565,
                0.9999743700027466,
                0.07739152759313583
            ],
            [
                0.0,
                0.0,
                0.0,
                1.0
            ]
        ]
    },
    {
        "class": "Car",
        "extent": [
            1.6355280876159668,
            5.0267767906188965,
            2.1515462398529053
        ],
        "position": [
            25.594011824170185,
            18.949068011559163,
            -2.391115639950348
        ],
        "yaw": 3.3148838799309766,
        "num_points": 5,
        "distance": 31.934903378060707,
        "speed": 4.775087682074835,
        "brake": 0.0,
        "id": 525,
        "ego_matrix": [
            [
                -0.8981173634529114,
                -0.43970975279808044,
                0.006367250345647335,
                83.45657348632812
            ],
            [
                0.4396986663341522,
                -0.8981399536132812,
                -0.003121201880276203,
                -371.5103759765625
            ],
            [
                0.00709110451862216,
                -3.5340196973265847e-06,
                0.9999748468399048,
                0.12885332107543945
            ],
            [
                0.0,
                0.0,
                0.0,
                1.0
            ]
        ]
    },
    {
        "class": "Car",
        "extent": [
            2.467444658279419,
            5.203838348388672,
            2.614572286605835
        ],
        "position": [
            3.972288606492909,
            7.1716609288588,
            -2.5336260665436647
        ],
        "yaw": 0.03923222444044783,
        "num_points": 563,
        "distance": 8.580854170585978,
        "speed": 12.96562984126818,
        "brake": 0.0,
        "id": 526,
        "ego_matrix": [
            [
                0.831309974193573,
                0.5557901263237,
                -0.004588551819324493,
                72.89228057861328
            ],
            [
                -0.5558072924613953,
                0.8312999606132507,
                -0.004311824217438698,
                -349.2706604003906
            ],
            [
                0.0014179939171299338,
                0.0061348131857812405,
                0.9999801516532898,
                -0.00268726353533566
            ],
            [
                0.0,
                0.0,
                0.0,
                1.0
            ]
        ]
    },
    {
        "class": "Car",
        "extent": [
            1.6355280876159668,
            5.0267767906188965,
            2.1515462398529053
        ],
        "position": [
            41.83888396728057,
            11.78191647873452,
            -2.383070435492996
        ],
        "yaw": 3.4191668766318632,
        "num_points": 1,
        "distance": 43.53142304404904,
        "speed": 4.775111431320694,
        "brake": 0.0,
        "id": 527,
        "ego_matrix": [
            [
                -0.9390084147453308,
                -0.343829870223999,
                0.006654296535998583,
                100.8107681274414
            ],
            [
                0.3438211977481842,
                -0.9390319585800171,
                -0.0024410018231719732,
                -375.26483154296875
            ],
            [
                0.007087886333465576,
                -4.232744231558172e-06,
                0.9999749064445496,
                0.12885285913944244
            ],
            [
                0.0,
                0.0,
                0.0,
                1.0
            ]
        ]
    },
    {
        "class": "Car",
        "extent": [
            2.467444658279419,
            5.203838348388672,
            2.614572286605835
        ],
        "position": [
            31.408217951986924,
            21.421433390083962,
            -2.5191521391592553
        ],
        "yaw": 3.3438654641776546,
        "num_points": 4,
        "distance": 38.10118227700485,
        "speed": 4.690866861896407,
        "brake": 0.0,
        "id": 573,
        "ego_matrix": [
            [
                -0.9105045199394226,
                -0.4134991466999054,
                -0.0001144103443948552,
                86.70574951171875
            ],
            [
                0.413499116897583,
                -0.910504162311554,
                -0.0007547103450633585,
                -376.9288330078125
            ],
            [
                0.00020790098642464727,
                -0.0007344757905229926,
                0.9999997019767761,
                -0.0021245002280920744
            ],
            [
                0.0,
                0.0,
                0.0,
                1.0
            ]
        ]
    },
    {
        "class": "Car",
        "extent": [
            1.6171096563339233,
            3.987684965133667,
            1.8508483171463013
        ],
        "position": [
            26.296370554818505,
            25.90835290138138,
            -2.4812650227607858
        ],
        "yaw": 3.311370904137053,
        "num_points": 11,
        "distance": 36.998628765563986,
        "speed": 4.977068042069694,
        "brake": 0.0,
        "id": 620,
        "ego_matrix": [
            [
                -0.8965897560119629,
                -0.44286203384399414,
                -6.806754390709102e-05,
                79.93269348144531
            ],
            [
                0.44286203384399414,
                -0.8965897560119629,
                -0.0001582627446623519,
                -377.552490234375
            ],
            [
                9.059905096364673e-06,
                -0.0001720412983559072,
                1.0,
                0.03826703876256943
            ],
            [
                0.0,
                0.0,
                0.0,
                1.0
            ]
        ]
    },
    {
        "class": "Car",
        "extent": [
            1.5248334407806396,
            4.513522624969482,
            2.006814479827881
        ],
        "position": [
            7.348306643634605,
            27.978512050706094,
            -2.4932137819483295
        ],
        "yaw": 3.2030843773694504,
        "num_points": 0,
        "distance": 29.03464933597249,
        "speed": 4.850910138771361,
        "brake": 0.0,
        "id": 635,
        "ego_matrix": [
            [
                -0.8434758186340332,
                -0.5371671319007874,
                -4.549002187559381e-05,
                63.38892364501953
            ],
            [
                0.5371671319007874,
                -0.8434758186340332,
                -0.00011315114534227178,
                -368.0857849121094
            ],
            [
                2.241134461655747e-05,
                -0.0001198760000988841,
                1.0,
                0.03577981889247894
            ],
            [
                0.0,
                0.0,
                0.0,
                1.0
            ]
        ]
    }
]