[
    {
        "class": "Car",
        "extent": [
            1.5107464790344238,
            4.901683330535889,
            2.128324270248413
        ],
        "position": [
            -1.3,
            0.0,
            -2.5
        ],
        "yaw": 0,
        "num_points": -1,
        "distance": -1,
        "speed": 4.130326870761056,
        "brake": 0.0,
        "id": 380,
        "ego_matrix": [
            [
                0.8110781311988831,
                0.5849376320838928,
                -0.00043679511873051524,
                74.42694854736328
            ],
            [
                -0.5849376320838928,
                0.8110783100128174,
                0.00016265659360215068,
                -341.5108947753906
            ],
            [
                0.0004494189633987844,
                0.00012357067316770554,
                0.9999998807907104,
                0.03319362550973892
            ],
            [
                0.0,
                0.0,
                0.0,
                1.0
            ]
        ]
    },
    {
        "class": "Car",
        "extent": [
            1.5248334407806396,
            4.513522624969482,
            2.006814479827881
        ],
        "position": [
            29.171838711728267,
            -3.444916905360611,
            -2.5115336637267873
        ],
        "yaw": 0.21488184637446456,
        "num_points": 1,
        "distance": 29.481713444980773,
        "speed": 4.8507976014723235,
        "brake": 0.0,
        "id": 398,
        "ego_matrix": [
            [
                0.9171521663665771,
                0.39853721857070923,
                -7.62732743169181e-05,
                101.15705871582031
            ],
            [
                -0.39853721857070923,
                0.9171521663665771,
                -0.00011959248513448983,
                -356.5409240722656
            ],
            [
                2.2292137145996094e-05,
                0.00014008225116413087,
                1.0,
                0.035780277103185654
            ],
            [
                0.0,
                0.0,
                0.0,
                1.0
            ]
        ]
    },
    {
        "class": "Car",
        "extent": [
            1.50146484375,
            3.633375883102417,
            1.845113754272461
        ],
        "position": [
            -30.846483922377733,
            4.045661740912586,
            -2.538044082597194
        ],
        "yaw": -0.051057658365808445,
        "num_points": 13,
        "distance": 31.214013152118046,
        "speed": 13.778399385323901,
        "brake": 0.0,
        "id": 400,
        "ego_matrix": [
            [
                0.7801686525344849,
                0.6255558133125305,
                -0.004094086121767759,
                48.09599685668945
            ],
            [
                -0.6255691051483154,
                0.7801545858383179,
                -0.004698081873357296,
                -327.5093994140625
            ],
            [
                0.0002551078505348414,
                0.006226430181413889,
                0.9999805688858032,
                -0.018629129976034164
            ],
            [
                0.0,
                0.0,
                0.0,
                1.0
            ]
        ]
    },
    {
        "class": "Car",
        "extent": [
            1.6493593454360962,
            4.855708599090576,
            2.0327565670013428
        ],
        "position": [
            -40.55009778232565,
            -8.015087144081635,
            -2.5258532476249766
        ],
        "yaw": -0.2633511451873113,
        "num_points": 1,
        "distance": 41.411737306130156,
        "speed": 9.75369757916518,
        "brake": 0.0,
        "id": 453,
        "ego_matrix": [
            [
                0.6308451294898987,
                0.7759060859680176,
                -0.0020337344612926245,
                47.28038787841797
            ],
            [
                -0.7759087681770325,
                0.6308435201644897,
                -0.001428889692761004,
                -312.0511779785156
            ],
            [
                0.00017428396677132696,
                0.002479400485754013,
                0.9999969005584717,
                -0.009308929555118084
            ],
            [
                0.0,
                0.0,
                0.0,
                1.0
            ]
        ]
    },
    {
        "class": "Car",
        "extent": [
            1.2765706777572632,
            2.3557403087615967,
            0.7636788487434387
        ],
        "position": [
            19.719204725667282,
            16.06625909651285,
            -2.570763137803551
        ],
        "yaw": 3.287181345376836,
        "num_points": 0,
        "distance": 25.56522128751774,
        "speed": 4.747373522180014,
        "brake": 0.0,
        "id": 469,
        "ego_matrix": [
            [
                -0.8873530626296997,
                -0.46108636260032654,
                -0.001988139236345887,
                82.07743835449219
            ],
            [
                0.4610801339149475,
                -0.8873536586761475,
                0.0029292376711964607,
                -366.8368225097656
            ],
            [
                -0.0031148141715675592,
                0.0016825763741508126,
                0.9999937415122986,
                -0.030108394101262093
            ],
            [
                0.0,
                0.0,
                0.0,
                1.0
            ]
        ]
    },
    {
        "class": "Car",
        "extent": [
            1.6672759056091309,
            4.611005783081055,
            2.241713285446167
        ],
        "position": [
            30.24033904038141,
            -0.09188130694627922,
            -2.4733947270644463
        ],
        "yaw": 0.21677159219447117,
        "num_points": 4,
        "distance": 30.341460560224395,
        "speed": 4.98544246400281,
        "brake": 0.0,
        "id": 473,
        "ego_matrix": [
            [
                0.9179036617279053,
                0.3968032896518707,
                -0.00021877005929127336,
                100.06236267089844
            ],
            [
                -0.3968033492565155,
                0.9179036021232605,
                -0.0003348271711729467,
                -359.885498046875
            ],
            [
                6.79492877679877e-05,
                0.00039414779166691005,
                0.9999999403953552,
                0.07398507744073868
            ],
            [
                0.0,
                0.0,
                0.0,
                1.0
            ]
        ]
    },
    {
        "class": "Car",
        "extent": [
            1.6672759056091309,
            4.611005783081055,
            2.241713285446167
        ],
        "position": [
            -26.529850227108685,
            -1.3913778241273724,
            -2.4444273135716434
        ],
        "yaw": -0.1511791329683101,
        "num_points": 7,
        "distance": 26.678532759760746,
        "speed": 8.861602534210276,
        "brake": 0.24714231491088867,
        "id": 482,
        "ego_matrix": [
            [
                0.7137163281440735,
                0.7004258632659912,
                0.003565118182450533,
                54.77741241455078
            ],
            [
                -0.7004008889198303,
                0.7137225270271301,
                -0.006222460884600878,
                -325.6244812011719
            ],
            [
                -0.0069028777070343494,
                0.0019440599717199802,
                0.999974250793457,
                0.07759946584701538
            ],
            [
                0.0,
                0.0,
                0.0,
                1.0
            ]
        ]
    },
    {
        "class": "Car",
        "extent": [
            1.6355280876159668,
            5.0267767906188965,
            2.1515462398529053
        ],
        "position": [
            21.21237335846141,
            19.417448208552642,
            -2.4120585056716806
        ],
        "yaw": 3.2970494224800158,
        "num_points": 0,
        "distance": 28.85862270908594,
        "speed": 4.775090767009418,
        "brake": 0.0,
        "id": 525,
        "ego_matrix": [
            [
                -0.8918416500091553,
                -0.4523034989833832,
                0.006323934532701969,
                81.32820892333984
            ],
            [
                0.4522921144962311,
                -0.8918640613555908,
                -0.0032080544624477625,
                -370.42828369140625
            ],
            [
                0.00709110451862216,
                -8.109490750030091e-07,
                0.9999748468399048,
                0.12885317206382751
            ],
            [
                0.0,
                0.0,
                0.0,
                1.0
            ]
        ]
    },
    {
        "class": "Car",
        "extent": [
            2.467444658279419,
            5.203838348388672,
            2.614572286605835
        ],
        "position": [
            8.487723129866762,
            6.818165763414234,
            -2.5393942788151898
        ],
        "yaw": 0.07747005781937355,
        "num_points": 200,
        "distance": 11.179326974820468,
        "speed": 13.05038255563218,
        "brake": 0.0,
        "id": 526,
        "ego_matrix": [
            [
                0.8539145588874817,
                0.520394504070282,
                -0.004402258433401585,
                78.37737274169922
            ],
            [
                -0.5204113721847534,
                0.8539032936096191,
                -0.0045999702997505665,
                -352.76617431640625
            ],
            [
                0.0013653034111484885,
                0.006218967027962208,
                0.9999797344207764,
                -0.0026443861424922943
            ],
            [
                0.0,
                0.0,
                0.0,
                1.0
            ]
        ]
    },
    {
        "class": "Car",
        "extent": [
            1.6355280876159668,
            5.0267767906188965,
            2.1515462398529053
        ],
        "position": [
            37.53488588072373,
            12.554120344122301,
            -2.4202424537093115
        ],
        "yaw": 3.400969696640434,
        "num_points": 0,
        "distance": 39.65263130270671,
        "speed": 4.775110247675618,
        "brake": 0.0,
        "id": 527,
        "ego_matrix": [
            [
                -0.9339480996131897,
                -0.35734742879867554,
                0.006618181709200144,
                98.5816650390625
            ],
            [
                0.35733842849731445,
                -0.9339715242385864,
                -0.0025372870732098818,
                -374.40924072265625
            ],
            [
                0.007087886333465576,
                -4.763947345054476e-06,
                0.9999749064445496,
                0.128852978348732
            ],
            [
                0.0,
                0.0,
                0.0,
                1.0
            ]
        ]
    },
    {
        "class": "Car",
        "extent": [
            2.467444658279419,
            5.203838348388672,
            2.614572286605835
        ],
        "position": [
            27.071060652243602,
            21.977044758541304,
            -2.5453528289483067
        ],
        "yaw": 3.326536208385482,
        "num_points": 0,
        "distance": 34.96157379438481,
        "speed": 4.690870857191071,
        "brake": 0.0,
        "id": 573,
        "ego_matrix": [
            [
                -0.9048113822937012,
                -0.42581266164779663,
                -0.00012040715955663472,
                84.58291625976562
            ],
            [
                0.42581260204315186,
                -0.9048110842704773,
                -0.0007440989138558507,
                -375.9313049316406
            ],
            [
                0.00020790098642464727,
                -0.0007245400920510292,
                0.9999997615814209,
                -0.002124423859640956
            ],
            [
                0.0,
                0.0,
                0.0,
                1.0
            ]
        ]
    },
    {
        "class": "Car",
        "extent": [
            1.6171096563339233,
            3.987684965133667,
            1.8508483171463013
        ],
        "position": [
            21.78773834528671,
            26.388419271027892,
            -2.5020417417835183
        ],
        "yaw": 3.293477324509893,
        "num_points": 0,
        "distance": 34.31201577733171,
        "speed": 4.97704879207491,
        "brake": 0.0,
        "id": 620,
        "ego_matrix": [
            [
                -0.8902426958084106,
                -0.455486536026001,
                -7.137194916140288e-05,
                77.71733093261719
            ],
            [
                0.455486536026001,
                -0.8902426958084106,
                -0.00015938618162181228,
                -376.4188537597656
            ],
            [
                9.059905096364673e-06,
                -0.00017440134251955897,
                1.0,
                0.038267116993665695
            ],
            [
                0.0,
                0.0,
                0.0,
                1.0
            ]
        ]
    },
    {
        "class": "Car",
        "extent": [
            1.5248334407806396,
            4.513522624969482,
            2.006814479827881
        ],
        "position": [
            2.8687838938204617,
            28.117071097360984,
            -2.4958128908943387
        ],
        "yaw": 3.185545530799488,
        "num_points": 17,
        "distance": 28.37302751046935,
        "speed": 4.850911265332325,
        "brake": 0.0,
        "id": 635,
        "ego_matrix": [
            [
                -0.8359963893890381,
                -0.5487349629402161,
                -4.709557833848521e-05,
                61.36142349243164
            ],
            [
                0.5487349629402161,
                -0.8359963893890381,
                -0.00011259183520451188,
                -366.7545166015625
            ],
            [
                2.241134461655747e-05,
                -0.00011996935063507408,
                1.0,
                0.03577981889247894
            ],
            [
                0.0,
                0.0,
                0.0,
                1.0
            ]
        ]
    }
]