[
    {
        "class": "Car",
        "extent": [
            1.5107464790344238,
            4.901683330535889,
            2.128324270248413
        ],
        "position": [
            -1.3,
            0.0,
            -2.5
        ],
        "yaw": 0,
        "num_points": -1,
        "distance": -1,
        "speed": 3.7953000991742405,
        "brake": 0.0,
        "id": 380,
        "ego_matrix": [
            [
                0.8177831768989563,
                0.5755264759063721,
                -2.3505381250288337e-05,
                75.99215698242188
            ],
            [
                -0.5755264759063721,
                0.8177831768989563,
                -0.00014628581993747503,
                -342.6085510253906
            ],
            [
                -6.496905552921817e-05,
                0.00013315804244484752,
                1.0,
                0.033449821174144745
            ],
            [
                0.0,
                0.0,
                0.0,
                1.0
            ]
        ]
    },
    {
        "class": "Car",
        "extent": [
            1.5248334407806396,
            4.513522624969482,
            2.006814479827881
        ],
        "position": [
            29.664856358984817,
            -3.618770233539531,
            -2.4961397704528343
        ],
        "yaw": 0.21971165545889143,
        "num_points": 0,
        "distance": 29.988829829721432,
        "speed": 4.8507942158759585,
        "brake": 0.0,
        "id": 398,
        "ego_matrix": [
            [
                0.9235588908195496,
                0.38345661759376526,
                -7.430356345139444e-05,
                103.39739227294922
            ],
            [
                -0.38345661759376526,
                0.9235588908195496,
                -0.00012082613829988986,
                -357.47027587890625
            ],
            [
                2.2292137145996094e-05,
                0.00014008225116413087,
                1.0,
                0.0357801616191864
            ],
            [
                0.0,
                0.0,
                0.0,
                1.0
            ]
        ]
    },
    {
        "class": "Car",
        "extent": [
            1.50146484375,
            3.633375883102417,
            1.845113754272461
        ],
        "position": [
            -25.912359278117894,
            3.981512450391064,
            -2.5533772791103164
        ],
        "yaw": -0.022432205335900957,
        "num_points": 2,
        "distance": 26.340511389879246,
        "speed": 13.814293030526699,
        "brake": 0.0,
        "id": 400,
        "ego_matrix": [
            [
                0.804668128490448,
                0.5937220454216003,
                -0.0018158471211791039,
                53.5731201171875
            ],
            [
                -0.5937247276306152,
                0.8046656847000122,
                -0.002017470309510827,
                -331.6994934082031
            ],
            [
                0.0002633332915138453,
                0.0027015074156224728,
                0.9999963045120239,
                -0.018858585506677628
            ],
            [
                0.0,
                0.0,
                0.0,
                1.0
            ]
        ]
    },
    {
        "class": "Car",
        "extent": [
            1.6493593454360962,
            4.855708599090576,
            2.0327565670013428
        ],
        "position": [
            -37.64334882040652,
            -7.245966117928028,
            -2.546084230577223
        ],
        "yaw": -0.24120023624154996,
        "num_points": 0,
        "distance": 38.41885318832612,
        "speed": 9.758686132824065,
        "brake": 0.0,
        "id": 453,
        "ego_matrix": [
            [
                0.6566349267959595,
                0.7542059421539307,
                -0.00198462326079607,
                50.44142532348633
            ],
            [
                -0.7542085647583008,
                0.656633198261261,
                -0.001499632024206221,
                -315.766357421875
            ],
            [
                0.0001721381995594129,
                0.0024815306533128023,
                0.9999969005584717,
                -0.009308356791734695
            ],
            [
                0.0,
                0.0,
                0.0,
                1.0
            ]
        ]
    },
    {
        "class": "Car",
        "extent": [
            1.2765706777572632,
            2.3557403087615967,
            0.7636788487434387
        ],
        "position": [
            15.264582327942886,
            16.601760063635208,
            -2.5602712580261935
        ],
        "yaw": 3.2612464174172087,
        "num_points": 0,
        "distance": 22.697596784059193,
        "speed": 4.74736732565764,
        "brake": 0.0,
        "id": 469,
        "ego_matrix": [
            [
                -0.8806314468383789,
                -0.473798006772995,
                -0.0019359722500666976,
                79.983642578125
            ],
            [
                0.4737917184829712,
                -0.8806319236755371,
                0.00297581497579813,
                -365.7185363769531
            ],
            [
                -0.0031148141715675592,
                0.0017033485928550363,
                0.9999937415122986,
                -0.03010827861726284
            ],
            [
                0.0,
                0.0,
                0.0,
                1.0
            ]
        ]
    },
    {
        "class": "Car",
        "extent": [
            1.6672759056091309,
            4.611005783081055,
            2.241713285446167
        ],
        "position": [
            30.75908908853849,
            -0.2731923314491781,
            -2.4574185401345274
        ],
        "yaw": 0.2216493381785195,
        "num_points": 11,
        "distance": 30.858306847395355,
        "speed": 4.985428808349442,
        "brake": 0.0,
        "id": 473,
        "ego_matrix": [
            [
                0.9243001937866211,
                0.38166627287864685,
                -0.00021466150064952672,
                102.36676788330078
            ],
            [
                -0.3816663324832916,
                0.9243001341819763,
                -0.00034182314993813634,
                -360.83599853515625
            ],
            [
                6.79492877679877e-05,
                0.00039787625428289175,
                0.9999999403953552,
                0.07398480921983719
            ],
            [
                0.0,
                0.0,
                0.0,
                1.0
            ]
        ]
    },
    {
        "class": "Car",
        "extent": [
            1.6672759056091309,
            4.611005783081055,
            2.241713285446167
        ],
        "position": [
            -24.542094426983574,
            -1.1189269260730095,
            -2.4590902146902947
        ],
        "yaw": -0.13732077502483742,
        "num_points": 8,
        "distance": 24.69035279239353,
        "speed": 7.157002684053152,
        "brake": 0.0,
        "id": 482,
        "ego_matrix": [
            [
                0.7312970161437988,
                0.6820566058158875,
                0.0018631592392921448,
                57.62913513183594
            ],
            [
                -0.6820507049560547,
                0.7312988638877869,
                -0.002983873011544347,
                -328.31707763671875
            ],
            [
                -0.0033976964186877012,
                0.0009113282430917025,
                0.9999938011169434,
                0.07601861655712128
            ],
            [
                0.0,
                0.0,
                0.0,
                1.0
            ]
        ]
    },
    {
        "class": "Car",
        "extent": [
            1.6355280876159668,
            5.0267767906188965,
            2.1515462398529053
        ],
        "position": [
            16.70681437668264,
            19.985982195185308,
            -2.400765630912785
        ],
        "yaw": 3.2713789464166334,
        "num_points": 7,
        "distance": 26.159526114548903,
        "speed": 4.775119166279025,
        "brake": 0.0,
        "id": 525,
        "ego_matrix": [
            [
                -0.8853688836097717,
                -0.46484673023223877,
                0.0062813726253807545,
                79.21536254882812
            ],
            [
                0.4648350775241852,
                -0.8853911757469177,
                -0.0032906178385019302,
                -369.316162109375
            ],
            [
                0.00709110451862216,
                6.391549959516851e-06,
                0.9999748468399048,
                0.12885300815105438
            ],
            [
                0.0,
                0.0,
                0.0,
                1.0
            ]
        ]
    },
    {
        "class": "Car",
        "extent": [
            2.467444658279419,
            5.203838348388672,
            2.614572286605835
        ],
        "position": [
            13.016388699137794,
            6.3593606490184085,
            -2.534277689269583
        ],
        "yaw": 0.10820063982244787,
        "num_points": 96,
        "distance": 14.70681495217967,
        "speed": 13.128992907993423,
        "brake": 0.0,
        "id": 526,
        "ego_matrix": [
            [
                0.8751509189605713,
                0.4838317632675171,
                -0.004209492821246386,
                84.03987884521484
            ],
            [
                -0.4838482439517975,
                0.8751382827758789,
                -0.004892655182629824,
                -356.048583984375
            ],
            [
                0.0013166662538424134,
                0.00631856732070446,
                0.9999791383743286,
                -0.0026047895662486553
            ],
            [
                0.0,
                0.0,
                0.0,
                1.0
            ]
        ]
    },
    {
        "class": "Car",
        "extent": [
            1.6355280876159668,
            5.0267767906188965,
            2.1515462398529053
        ],
        "position": [
            33.15190457739888,
            13.555010739462542,
            -2.400553812770502
        ],
        "yaw": 3.3750201212948108,
        "num_points": 0,
        "distance": 35.89637519115144,
        "speed": 4.775090686639488,
        "brake": 0.0,
        "id": 527,
        "ego_matrix": [
            [
                -0.9287079572677612,
                -0.37075361609458923,
                0.006580114830285311,
                96.36507415771484
            ],
            [
                0.3707442581653595,
                -0.9287312626838684,
                -0.0026344386860728264,
                -373.5216064453125
            ],
            [
                0.007087886333465576,
                -7.084221579134464e-06,
                0.9999749064445496,
                0.1288527399301529
            ],
            [
                0.0,
                0.0,
                0.0,
                1.0
            ]
        ]
    },
    {
        "class": "Car",
        "extent": [
            2.467444658279419,
            5.203838348388672,
            2.614572286605835
        ],
        "position": [
            22.588185046014253,
            22.681262235422718,
            -2.5310019843534253
        ],
        "yaw": 3.3013991634884423,
        "num_points": 17,
        "distance": 32.11030568695657,
        "speed": 4.690879470456796,
        "brake": 0.0,
        "id": 573,
        "ego_matrix": [
            [
                -0.8989449143409729,
                -0.4380616545677185,
                -0.00012643692025449127,
                82.47384643554688
            ],
            [
                0.4380616545677185,
                -0.898944616317749,
                -0.0007340536685660481,
                -374.9051818847656
            ],
            [
                0.00020790098642464727,
                -0.0007152609759941697,
                0.9999997615814209,
                -0.002124347724020481
            ],
            [
                0.0,
                0.0,
                0.0,
                1.0
            ]
        ]
    },
    {
        "class": "Car",
        "extent": [
            1.6171096563339233,
            3.987684965133667,
            1.8508483171463013
        ],
        "position": [
            17.100844339614206,
            26.969848265678564,
            -2.4903959290974056
        ],
        "yaw": 3.267819098987524,
        "num_points": 15,
        "distance": 32.03144805476495,
        "speed": 4.977054078655632,
        "brake": 0.0,
        "id": 620,
        "ego_matrix": [
            [
                -0.8837307691574097,
                -0.46799564361572266,
                -7.269115303643048e-05,
                75.51819610595703
            ],
            [
                0.46799564361572266,
                -0.8837307691574097,
                -0.00015662390796933323,
                -375.25421142578125
            ],
            [
                9.059905096364673e-06,
                -0.00017243251204490662,
                1.0,
                0.03826715424656868
            ],
            [
                0.0,
                0.0,
                0.0,
                1.0
            ]
        ]
    },
    {
        "class": "Car",
        "extent": [
            1.5248334407806396,
            4.513522624969482,
            2.006814479827881
        ],
        "position": [
            -1.7932085441446441,
            28.211292717361484,
            -2.49394544767676
        ],
        "yaw": 3.1602066182918205,
        "num_points": 25,
        "distance": 28.37802666788926,
        "speed": 4.850911545220571,
        "brake": 0.0,
        "id": 635,
        "ego_matrix": [
            [
                -0.828353762626648,
                -0.5602053999900818,
                -4.858718966715969e-05,
                59.352474212646484
            ],
            [
                0.5602053999900818,
                -0.828353762626648,
                -0.00011184956383658573,
                -365.3954162597656
            ],
            [
                2.241134461655747e-05,
                -0.00011986980825895444,
                1.0,
                0.03577985614538193
            ],
            [
                0.0,
                0.0,
                0.0,
                1.0
            ]
        ]
    }
]