[
    {
        "class": "Car",
        "extent": [
            1.5107464790344238,
            4.901683330535889,
            2.128324270248413
        ],
        "position": [
            -1.3,
            0.0,
            -2.5
        ],
        "yaw": 0,
        "num_points": -1,
        "distance": -1,
        "speed": 3.8369698441963354,
        "brake": 0.0,
        "id": 380,
        "ego_matrix": [
            [
                0.8273890614509583,
                0.5616291165351868,
                7.138393993955106e-05,
                77.65607452392578
            ],
            [
                -0.561629056930542,
                0.8273890018463135,
                -0.0003471555537544191,
                -343.7328186035156
            ],
            [
                -0.0002540349669288844,
                0.00024714137543924153,
                0.9999998807907104,
                0.03354377672076225
            ],
            [
                0.0,
                0.0,
                0.0,
                1.0
            ]
        ]
    },
    {
        "class": "Car",
        "extent": [
            1.5248334407806396,
            4.513522624969482,
            2.006814479827881
        ],
        "position": [
            30.080710036999793,
            -3.6189234085262734,
            -2.490686277086988
        ],
        "yaw": 0.2191839833784059,
        "num_points": 3,
        "distance": 30.39982304385519,
        "speed": 4.850779648087544,
        "brake": 0.0,
        "id": 398,
        "ego_matrix": [
            [
                0.9297108054161072,
                0.36829039454460144,
                -7.290468784049153e-05,
                105.65262603759766
            ],
            [
                -0.36829039454460144,
                0.9297108054161072,
                -0.00012351159239187837,
                -358.3628845214844
            ],
            [
                2.2292137145996094e-05,
                0.00014168016787152737,
                1.0,
                0.03578008711338043
            ],
            [
                0.0,
                0.0,
                0.0,
                1.0
            ]
        ]
    },
    {
        "class": "Car",
        "extent": [
            1.50146484375,
            3.633375883102417,
            1.845113754272461
        ],
        "position": [
            -21.074957025019394,
            3.7451223804796303,
            -2.556566006716759
        ],
        "yaw": -0.014490658965284675,
        "num_points": 5,
        "distance": 21.557267567989303,
        "speed": 13.836434692940246,
        "brake": 0.0,
        "id": 400,
        "ego_matrix": [
            [
                0.8191640973091125,
                0.5735581517219543,
                -0.0011063471902161837,
                59.19111633300781
            ],
            [
                -0.5735591053962708,
                0.8191633820533752,
                -0.0011519460240378976,
                -335.72528076171875
            ],
            [
                0.0002455711073707789,
                0.001578188268467784,
                0.9999986886978149,
                -0.018924273550510406
            ],
            [
                0.0,
                0.0,
                0.0,
                1.0
            ]
        ]
    },
    {
        "class": "Car",
        "extent": [
            1.6493593454360962,
            4.855708599090576,
            2.0327565670013428
        ],
        "position": [
            -34.778596816592334,
            -6.714777407064857,
            -2.55301606423347
        ],
        "yaw": -0.22436333235590555,
        "num_points": 0,
        "distance": 35.51277126868233,
        "speed": 9.762929768373532,
        "brake": 0.0,
        "id": 453,
        "ego_matrix": [
            [
                0.6816969513893127,
                0.7316321134567261,
                -0.001931781996972859,
                53.72745895385742
            ],
            [
                -0.7316346764564514,
                0.6816951632499695,
                -0.001566931139677763,
                -319.37451171875
            ],
            [
                0.00017046926950570196,
                0.002481530886143446,
                0.9999969005584717,
                -0.009308052249252796
            ],
            [
                0.0,
                0.0,
                0.0,
                1.0
            ]
        ]
    },
    {
        "class": "Car",
        "extent": [
            1.2765706777572632,
            2.3557403087615967,
            0.7636788487434387
        ],
        "position": [
            10.609891178892003,
            17.100447977465752,
            -2.5564003361764454
        ],
        "yaw": 3.2300245820615556,
        "num_points": 0,
        "distance": 20.28620946694443,
        "speed": 4.74736873974797,
        "brake": 0.0,
        "id": 469,
        "ego_matrix": [
            [
                -0.873753011226654,
                -0.48636624217033386,
                -0.0018931388622149825,
                77.90607452392578
            ],
            [
                0.48635992407798767,
                -0.8737534284591675,
                0.003003246383741498,
                -364.5704650878906
            ],
            [
                -0.0031148141715675592,
                0.001703348709270358,
                0.9999937415122986,
                -0.030108317732810974
            ],
            [
                0.0,
                0.0,
                0.0,
                1.0
            ]
        ]
    },
    {
        "class": "Car",
        "extent": [
            1.6672759056091309,
            4.611005783081055,
            2.241713285446167
        ],
        "position": [
            31.182793193783386,
            -0.2750614072643046,
            -2.4513748746624846
        ],
        "yaw": 0.22118082156374724,
        "num_points": 15,
        "distance": 31.280209221169798,
        "speed": 4.985453574486139,
        "brake": 0.0,
        "id": 473,
        "ego_matrix": [
            [
                0.9304443597793579,
                0.36643311381340027,
                -0.00020550494082272053,
                104.68647003173828
            ],
            [
                -0.36643317341804504,
                0.9304443001747131,
                -0.00033638227614574134,
                -361.74853515625
            ],
            [
                6.79492877679877e-05,
                0.0003882888413500041,
                0.9999999403953552,
                0.07398511469364166
            ],
            [
                0.0,
                0.0,
                0.0,
                1.0
            ]
        ]
    },
    {
        "class": "Car",
        "extent": [
            1.6672759056091309,
            4.611005783081055,
            2.241713285446167
        ],
        "position": [
            -23.026619483528098,
            -1.0264268109296095,
            -2.46455086498663
        ],
        "yaw": -0.13256723221612776,
        "num_points": 23,
        "distance": 23.180870730054497,
        "speed": 6.9593449029808845,
        "brake": 0.16497938334941864,
        "id": 482,
        "ego_matrix": [
            [
                0.7458935976028442,
                0.6660650968551636,
                -6.452464731410146e-06,
                60.25617980957031
            ],
            [
                -0.6660648584365845,
                0.7458932399749756,
                -0.0009396877139806747,
                -330.6812744140625
            ],
            [
                -0.0006210803403519094,
                0.0007052047876641154,
                0.9999995827674866,
                0.07476590573787689
            ],
            [
                0.0,
                0.0,
                0.0,
                1.0
            ]
        ]
    },
    {
        "class": "Car",
        "extent": [
            1.6355280876159668,
            5.0267767906188965,
            2.1515462398529053
        ],
        "position": [
            11.982218820554497,
            20.52461390653915,
            -2.3962440621837864
        ],
        "yaw": 3.2403557828783,
        "num_points": 6,
        "distance": 23.886718683856554,
        "speed": 4.775085339305643,
        "brake": 0.0,
        "id": 525,
        "ego_matrix": [
            [
                -0.878713071346283,
                -0.47730961441993713,
                0.006229531019926071,
                77.11842346191406
            ],
            [
                0.4772975742816925,
                -0.8787351846694946,
                -0.0033877301029860973,
                -368.17437744140625
            ],
            [
                0.00709110451862216,
                -3.502820391076966e-06,
                0.9999748468399048,
                0.12885308265686035
            ],
            [
                0.0,
                0.0,
                0.0,
                1.0
            ]
        ]
    },
    {
        "class": "Car",
        "extent": [
            2.467444658279419,
            5.203838348388672,
            2.614572286605835
        ],
        "position": [
            17.439447497905462,
            5.860293569852955,
            -2.5299033011211542
        ],
        "yaw": 0.13381698713667478,
        "num_points": 52,
        "distance": 18.57088529042395,
        "speed": 13.201982071207128,
        "brake": 0.0,
        "id": 526,
        "ego_matrix": [
            [
                0.8949227929115295,
                0.44620320200920105,
                -0.003981974441558123,
                89.86957550048828
            ],
            [
                -0.44621914625167847,
                0.8949090242385864,
                -0.005135113373398781,
                -359.1061706542969
            ],
            [
                0.0012722010724246502,
                0.006372363306581974,
                0.9999788403511047,
                -0.002568321069702506
            ],
            [
                0.0,
                0.0,
                0.0,
                1.0
            ]
        ]
    },
    {
        "class": "Car",
        "extent": [
            1.6355280876159668,
            5.0267767906188965,
            2.1515462398529053
        ],
        "position": [
            28.570350875952524,
            14.616205207059489,
            -2.393490532377027
        ],
        "yaw": 3.3436917594955546,
        "num_points": 0,
        "distance": 32.18116220335264,
        "speed": 4.775089380993613,
        "brake": 0.0,
        "id": 527,
        "ego_matrix": [
            [
                -0.9232600331306458,
                -0.3841199278831482,
                0.0065412758849561214,
                94.1615982055664
            ],
            [
                0.3841102421283722,
                -0.9232832193374634,
                -0.002729450585320592,
                -372.6022033691406
            ],
            [
                0.007087886333465576,
                -7.421825557685224e-06,
                0.9999749064445496,
                0.12885285913944244
            ],
            [
                0.0,
                0.0,
                0.0,
                1.0
            ]
        ]
    },
    {
        "class": "Car",
        "extent": [
            2.467444658279419,
            5.203838348388672,
            2.614572286605835
        ],
        "position": [
            17.867822001465335,
            23.389740446811842,
            -2.525018252699155
        ],
        "yaw": 3.2708947837304567,
        "num_points": 28,
        "distance": 29.5417456901541,
        "speed": 4.690861966229053,
        "brake": 0.0,
        "id": 573,
        "ego_matrix": [
            [
                -0.8928998112678528,
                -0.45025545358657837,
                -0.00014942760753910989,
                80.37895965576172
            ],
            [
                0.45025545358657837,
                -0.8928995132446289,
                -0.0007580692181363702,
                -373.8504333496094
            ],
            [
                0.00020790098642464727,
                -0.0007441604393534362,
                0.9999997019767761,
                -0.002124347724020481
            ],
            [
                0.0,
                0.0,
                0.0,
                1.0
            ]
        ]
    },
    {
        "class": "Car",
        "extent": [
            1.6171096563339233,
            3.987684965133667,
            1.8508483171463013
        ],
        "position": [
            12.157176606459135,
            27.51749441944106,
            -2.4850573933594786
        ],
        "yaw": 3.2367685048899633,
        "num_points": 11,
        "distance": 30.1858402634894,
        "speed": 4.977045299706184,
        "brake": 0.0,
        "id": 620,
        "ego_matrix": [
            [
                -0.8770173192024231,
                -0.48045873641967773,
                -7.673246000194922e-05,
                73.33576965332031
            ],
            [
                0.48045873641967773,
                -0.8770173192024231,
                -0.0001589222956681624,
                -374.0584411621094
            ],
            [
                9.059905096364673e-06,
                -0.0001762443862389773,
                1.0,
                0.03826707601547241
            ],
            [
                0.0,
                0.0,
                0.0,
                1.0
            ]
        ]
    },
    {
        "class": "Car",
        "extent": [
            1.5248334407806396,
            4.513522624969482,
            2.006814479827881
        ],
        "position": [
            -6.703181204368477,
            28.173626442853777,
            -2.492173721217665
        ],
        "yaw": 3.129541117287885,
        "num_points": 23,
        "distance": 29.067108474301264,
        "speed": 4.850911508121225,
        "brake": 0.0,
        "id": 635,
        "ego_matrix": [
            [
                -0.8205606937408447,
                -0.5715594291687012,
                -5.031272303313017e-05,
                57.36241149902344
            ],
            [
                0.5715594291687012,
                -0.8205606937408447,
                -0.00011144245218019933,
                -364.0087890625
            ],
            [
                2.241134461655747e-05,
                -0.0001202019993797876,
                1.0,
                0.03577978163957596
            ],
            [
                0.0,
                0.0,
                0.0,
                1.0
            ]
        ]
    }
]