[
    {
        "class": "Car",
        "extent": [
            1.5107464790344238,
            4.901683330535889,
            2.128324270248413
        ],
        "position": [
            -1.3,
            0.0,
            -2.5
        ],
        "yaw": 0,
        "num_points": -1,
        "distance": -1,
        "speed": 4.127332891233861,
        "brake": 0.0,
        "id": 380,
        "ego_matrix": [
            [
                0.8372530341148376,
                0.5468153357505798,
                -0.0005698616150766611,
                79.2599868774414
            ],
            [
                -0.5468153953552246,
                0.837253212928772,
                8.908630115911365e-05,
                -344.7727355957031
            ],
            [
                0.0005258321762084961,
                0.00023702130420133471,
                0.9999998807907104,
                0.03315570577979088
            ],
            [
                0.0,
                0.0,
                0.0,
                1.0
            ]
        ]
    },
    {
        "class": "Car",
        "extent": [
            1.5248334407806396,
            4.513522624969482,
            2.006814479827881
        ],
        "position": [
            30.59650599883561,
            -3.5784112448749035,
            -2.5149959169435996
        ],
        "yaw": 0.21777766787527586,
        "num_points": 10,
        "distance": 30.90754617947652,
        "speed": 4.850776468757033,
        "brake": 0.0,
        "id": 398,
        "ego_matrix": [
            [
                0.9356223940849304,
                0.35300254821777344,
                -7.143453694880009e-05,
                107.92217254638672
            ],
            [
                -0.35300254821777344,
                0.9356223940849304,
                -0.00012618498294614255,
                -359.21820068359375
            ],
            [
                2.2292137145996094e-05,
                0.00014327805547509342,
                1.0,
                0.0357801616191864
            ],
            [
                0.0,
                0.0,
                0.0,
                1.0
            ]
        ]
    },
    {
        "class": "Car",
        "extent": [
            1.50146484375,
            3.633375883102417,
            1.845113754272461
        ],
        "position": [
            -16.131081982349897,
            3.583578763951796,
            -2.5434801619225365
        ],
        "yaw": -0.02210370441543963,
        "num_points": 30,
        "distance": 16.718945361859202,
        "speed": 13.850471895542368,
        "brake": 0.0,
        "id": 400,
        "ego_matrix": [
            [
                0.8249629735946655,
                0.5651865005493164,
                -0.0006163172656670213,
                64.88308715820312
            ],
            [
                -0.5651867985725403,
                0.824962854385376,
                -0.0004868239047937095,
                -339.6632385253906
            ],
            [
                0.00023329256509896368,
                0.0007499461062252522,
                0.9999997019767761,
                -0.01897249184548855
            ],
            [
                0.0,
                0.0,
                0.0,
                1.0
            ]
        ]
    },
    {
        "class": "Car",
        "extent": [
            1.6493593454360962,
            4.855708599090576,
            2.0327565670013428
        ],
        "position": [
            -31.800605381843486,
            -6.238641127335589,
            -2.527903681806319
        ],
        "yaw": -0.20843130402964294,
        "num_points": 0,
        "distance": 32.505221777306886,
        "speed": 9.766541789046604,
        "brake": 0.0,
        "id": 453,
        "ego_matrix": [
            [
                0.7059822678565979,
                0.7082270383834839,
                -0.0018782563274726272,
                57.13466262817383
            ],
            [
                -0.7082295417785645,
                0.7059803605079651,
                -0.001633787527680397,
                -322.8712158203125
            ],
            [
                0.00016891956329345703,
                0.0024836615193635225,
                0.9999969005584717,
                -0.009307479485869408
            ],
            [
                0.0,
                0.0,
                0.0,
                1.0
            ]
        ]
    },
    {
        "class": "Car",
        "extent": [
            1.2765706777572632,
            2.3557403087615967,
            0.7636788487434387
        ],
        "position": [
            6.022543702618613,
            17.456867997905917,
            -2.5629768927357492
        ],
        "yaw": 3.1979053945766003,
        "num_points": 0,
        "distance": 18.64355447598339,
        "speed": 4.747366499632346,
        "brake": 0.0,
        "id": 469,
        "ego_matrix": [
            [
                -0.8666982650756836,
                -0.4988294243812561,
                -0.001850200816988945,
                75.84516143798828
            ],
            [
                0.4988231360912323,
                -0.8666985630989075,
                0.003029588609933853,
                -363.39263916015625
            ],
            [
                -0.0031148141715675592,
                0.001702815992757678,
                0.9999937415122986,
                -0.030108394101262093
            ],
            [
                0.0,
                0.0,
                0.0,
                1.0
            ]
        ]
    },
    {
        "class": "Car",
        "extent": [
            1.6672759056091309,
            4.611005783081055,
            2.241713285446167
        ],
        "position": [
            31.703615232741452,
            -0.23510885030126014,
            -2.476580898932387
        ],
        "yaw": 0.21984261640549602,
        "num_points": 11,
        "distance": 31.801068345987414,
        "speed": 4.985442633642399,
        "brake": 0.0,
        "id": 473,
        "ego_matrix": [
            [
                0.9363492727279663,
                0.35106971859931946,
                -0.00020181066065561026,
                107.02091217041016
            ],
            [
                -0.35106977820396423,
                0.9363492131233215,
                -0.0003447063500061631,
                -362.6227722167969
            ],
            [
                6.79492877679877e-05,
                0.0003936151915695518,
                0.9999999403953552,
                0.07398489117622375
            ],
            [
                0.0,
                0.0,
                0.0,
                1.0
            ]
        ]
    },
    {
        "class": "Car",
        "extent": [
            1.6672759056091309,
            4.611005783081055,
            2.241713285446167
        ],
        "position": [
            -21.661627336231966,
            -0.970043995814926,
            -2.447863200499325
        ],
        "yaw": -0.13048390787438613,
        "num_points": 11,
        "distance": 21.82107051581034,
        "speed": 6.417286432478684,
        "brake": 0.0,
        "id": 482,
        "ego_matrix": [
            [
                0.7589871883392334,
                0.6511055827140808,
                0.0001469164271838963,
                62.742557525634766
            ],
            [
                -0.6511051654815674,
                0.7589869499206543,
                -0.000952715112362057,
                -332.8265075683594
            ],
            [
                -0.0007318257703445852,
                0.0006274404586292803,
                0.9999995827674866,
                0.07481561601161957
            ],
            [
                0.0,
                0.0,
                0.0,
                1.0
            ]
        ]
    },
    {
        "class": "Car",
        "extent": [
            1.6355280876159668,
            5.0267767906188965,
            2.1515462398529053
        ],
        "position": [
            7.320884860578913,
            20.921177726390454,
            -2.4038768571368583
        ],
        "yaw": 3.208475747259234,
        "num_points": 11,
        "distance": 22.295059016413205,
        "speed": 4.775099516928247,
        "brake": 0.0,
        "id": 525,
        "ego_matrix": [
            [
                -0.8719046711921692,
                -0.48963654041290283,
                0.0061844876036047935,
                75.03777313232422
            ],
            [
                0.4896242618560791,
                -0.8719266057014465,
                -0.0034692774061113596,
                -367.0030822753906
            ],
            [
                0.00709110451862216,
                3.1959498301148415e-06,
                0.9999748468399048,
                0.1288532018661499
            ],
            [
                0.0,
                0.0,
                0.0,
                1.0
            ]
        ]
    },
    {
        "class": "Car",
        "extent": [
            2.467444658279419,
            5.203838348388672,
            2.614572286605835
        ],
        "position": [
            21.975663118820496,
            5.288604287921041,
            -2.546675819783744
        ],
        "yaw": 0.15871061911008144,
        "num_points": 26,
        "distance": 22.74609114896833,
        "speed": 13.269659747522022,
        "brake": 0.0,
        "id": 526,
        "ego_matrix": [
            [
                0.9131512641906738,
                0.4076034128665924,
                -0.0037628826685249805,
                95.85574340820312
            ],
            [
                -0.407618910074234,
                0.9131360650062561,
                -0.005411302205175161,
                -361.9281311035156
            ],
            [
                0.001230358611792326,
                0.006475159898400307,
                0.999978244304657,
                -0.002534522907808423
            ],
            [
                0.0,
                0.0,
                0.0,
                1.0
            ]
        ]
    },
    {
        "class": "Car",
        "extent": [
            1.6355280876159668,
            5.0267767906188965,
            2.1515462398529053
        ],
        "position": [
            24.040493227331343,
            15.553248365754126,
            -2.4139411793989045
        ],
        "yaw": 3.311467909779759,
        "num_points": 3,
        "distance": 28.73457780023565,
        "speed": 4.775086182363967,
        "brake": 0.0,
        "id": 527,
        "ego_matrix": [
            [
                -0.9176228642463684,
                -0.3973991870880127,
                0.006500977091491222,
                91.97158813476562
            ],
            [
                0.39738914370536804,
                -0.9176458716392517,
                -0.002824092283844948,
                -371.65130615234375
            ],
            [
                0.007087886333465576,
                -8.033821359276772e-06,
                0.9999749064445496,
                0.12885290384292603
            ],
            [
                0.0,
                0.0,
                0.0,
                1.0
            ]
        ]
    },
    {
        "class": "Car",
        "extent": [
            2.467444658279419,
            5.203838348388672,
            2.614572286605835
        ],
        "position": [
            13.202902181977556,
            23.964298169027725,
            -2.5372259521356195
        ],
        "yaw": 3.239532732943411,
        "num_points": 36,
        "distance": 27.47802264161531,
        "speed": 4.690863749279932,
        "brake": 0.0,
        "id": 573,
        "ego_matrix": [
            [
                -0.8867102861404419,
                -0.46232548356056213,
                -0.0001575728238094598,
                78.2985610961914
            ],
            [
                0.46232548356056213,
                -0.886709988117218,
                -0.0007518996717408299,
                -372.767333984375
            ],
            [
                0.00020790098642464727,
                -0.0007395670982077718,
                0.9999997019767761,
                -0.002124194987118244
            ],
            [
                0.0,
                0.0,
                0.0,
                1.0
            ]
        ]
    },
    {
        "class": "Car",
        "extent": [
            1.6171096563339233,
            3.987684965133667,
            1.8508483171463013
        ],
        "position": [
            7.270195117158061,
            27.91619190841499,
            -2.492778264711907
        ],
        "yaw": 3.2048748871493378,
        "num_points": 2,
        "distance": 28.954851945503425,
        "speed": 4.977049477657569,
        "brake": 0.0,
        "id": 620,
        "ego_matrix": [
            [
                -0.8701578974723816,
                -0.49277305603027344,
                -7.801613537594676e-05,
                71.17040252685547
            ],
            [
                0.49277305603027344,
                -0.8701578974723816,
                -0.00015614950098097324,
                -372.83197021484375
            ],
            [
                9.059905096364673e-06,
                -0.00017431896412745118,
                1.0,
                0.038267191499471664
            ],
            [
                0.0,
                0.0,
                0.0,
                1.0
            ]
        ]
    },
    {
        "class": "Car",
        "extent": [
            1.5248334407806396,
            4.513522624969482,
            2.006814479827881
        ],
        "position": [
            -11.538441395131755,
            27.973237116552063,
            -2.4853619653915966
        ],
        "yaw": 3.0979721388841397,
        "num_points": 11,
        "distance": 30.361400638092295,
        "speed": 4.8509096752930345,
        "brake": 0.0,
        "id": 635,
        "ego_matrix": [
            [
                -0.8126118779182434,
                -0.5828052163124084,
                -5.196531492401846e-05,
                55.39161682128906
            ],
            [
                0.5828052163124084,
                -0.8126118779182434,
                -0.00011091009218944237,
                -362.5948791503906
            ],
            [
                2.241134461655747e-05,
                -0.00012041251466143876,
                1.0,
                0.03577978163957596
            ],
            [
                0.0,
                0.0,
                0.0,
                1.0
            ]
        ]
    }
]