[
    {
        "class": "Car",
        "extent": [
            1.5107464790344238,
            4.901683330535889,
            2.128324270248413
        ],
        "position": [
            -1.3,
            0.0,
            -2.5
        ],
        "yaw": 0,
        "num_points": -1,
        "distance": -1,
        "speed": 3.6768569133218354,
        "brake": 0.0,
        "id": 380,
        "ego_matrix": [
            [
                0.8460105657577515,
                0.5331661105155945,
                0.0002616739075165242,
                80.91315460205078
            ],
            [
                -0.5331659913063049,
                0.8460105657577515,
                -0.00033111945958808064,
                -345.80804443359375
            ],
            [
                -0.00039792057941667736,
                0.00014061492402106524,
                0.9999999403953552,
                0.033615417778491974
            ],
            [
                0.0,
                0.0,
                0.0,
                1.0
            ]
        ]
    },
    {
        "class": "Car",
        "extent": [
            1.5248334407806396,
            4.513522624969482,
            2.006814479827881
        ],
        "position": [
            31.06773993216652,
            -3.5801778683789243,
            -2.485458854712584
        ],
        "yaw": 0.2179102600080482,
        "num_points": 12,
        "distance": 31.371956326955985,
        "speed": 4.85080465212928,
        "brake": 0.0,
        "id": 398,
        "ego_matrix": [
            [
                0.9412686824798584,
                0.33765849471092224,
                -6.774331268388778e-05,
                110.20543670654297
            ],
            [
                -0.33765849471092224,
                0.9412686824798584,
                -0.00012282388343010098,
                -360.03656005859375
            ],
            [
                2.2292137145996094e-05,
                0.00013848437811248004,
                1.0,
                0.035780198872089386
            ],
            [
                0.0,
                0.0,
                0.0,
                1.0
            ]
        ]
    },
    {
        "class": "Car",
        "extent": [
            1.50146484375,
            3.633375883102417,
            1.845113754272461
        ],
        "position": [
            -11.214714020515824,
            3.573413510295688,
            -2.556009652244744
        ],
        "yaw": -0.02660604455432769,
        "num_points": 54,
        "distance": 12.044595469333382,
        "speed": 13.858785839206877,
        "brake": 0.0,
        "id": 400,
        "ego_matrix": [
            [
                0.8315274715423584,
                0.5554831624031067,
                -0.0007495860918425024,
                70.61996459960938
            ],
            [
                -0.5554836392402649,
                0.8315271735191345,
                -0.0007207776070572436,
                -343.54498291015625
            ],
            [
                0.0002229213569080457,
                0.0010157291544601321,
                0.999999463558197,
                -0.018951434642076492
            ],
            [
                0.0,
                0.0,
                0.0,
                1.0
            ]
        ]
    },
    {
        "class": "Car",
        "extent": [
            1.6493593454360962,
            4.855708599090576,
            2.0327565670013428
        ],
        "position": [
            -28.861692015891656,
            -5.745710985170677,
            -2.554698009251028
        ],
        "yaw": -0.19090051352197823,
        "num_points": 0,
        "distance": 29.538736307834267,
        "speed": 9.769618311474082,
        "brake": 0.0,
        "id": 453,
        "ego_matrix": [
            [
                0.7294772267341614,
                0.6840026378631592,
                -0.001821918529458344,
                60.65907669067383
            ],
            [
                -0.684005081653595,
                0.7294752597808838,
                -0.0016978252679109573,
                -326.25213623046875
            ],
            [
                0.000167727455846034,
                0.0024847264867275953,
                0.9999969005584717,
                -0.009307288564741611
            ],
            [
                0.0,
                0.0,
                0.0,
                1.0
            ]
        ]
    },
    {
        "class": "Car",
        "extent": [
            1.2765706777572632,
            2.3557403087615967,
            0.7636788487434387
        ],
        "position": [
            1.4152320471191258,
            17.647251104123463,
            -2.56016198179562
        ],
        "yaw": 3.1673510139691485,
        "num_points": 0,
        "distance": 17.88806257402437,
        "speed": 4.747367352476487,
        "brake": 0.0,
        "id": 469,
        "ego_matrix": [
            [
                -0.8594578504562378,
                -0.5112034678459167,
                -0.0018093003891408443,
                73.80133819580078
            ],
            [
                0.5111972093582153,
                -0.8594580888748169,
                0.003051224397495389,
                -362.1854553222656
            ],
            [
                -0.0031148141715675592,
                0.0016974896425381303,
                0.9999937415122986,
                -0.03010847046971321
            ],
            [
                0.0,
                0.0,
                0.0,
                1.0
            ]
        ]
    },
    {
        "class": "Car",
        "extent": [
            1.6493593454360962,
            4.855708599090576,
            2.0327565670013428
        ],
        "position": [
            44.6700459794182,
            10.936573047957047,
            -2.5235097847116
        ],
        "yaw": 3.4359574415145406,
        "num_points": 0,
        "distance": 46.058546866680146,
        "speed": 4.620721027213036,
        "brake": 0.0,
        "id": 470,
        "ego_matrix": [
            [
                -0.9643094539642334,
                -0.26477786898612976,
                -5.3626376029569656e-05,
                113.97328186035156
            ],
            [
                0.26477786898612976,
                -0.9643093347549438,
                -0.0004897512262687087,
                -379.5701599121094
            ],
            [
                7.796286809025332e-05,
                -0.0004864708171226084,
                0.9999998807907104,
                -0.009724635630846024
            ],
            [
                0.0,
                0.0,
                0.0,
                1.0
            ]
        ]
    },
    {
        "class": "Car",
        "extent": [
            1.6672759056091309,
            4.611005783081055,
            2.241713285446167
        ],
        "position": [
            32.184957227194694,
            -0.2393055469592466,
            -2.446339705769666
        ],
        "yaw": 0.22006202758980492,
        "num_points": 9,
        "distance": 32.27868207992983,
        "speed": 4.985426856546999,
        "brake": 0.0,
        "id": 473,
        "ego_matrix": [
            [
                0.9419930577278137,
                0.3356322646141052,
                -0.00019754786626435816,
                109.369384765625
            ],
            [
                -0.33563232421875,
                0.941992998123169,
                -0.0003519906895235181,
                -363.4586486816406
            ],
            [
                6.79492877679877e-05,
                0.0003978762251790613,
                0.9999999403953552,
                0.07398500293493271
            ],
            [
                0.0,
                0.0,
                0.0,
                1.0
            ]
        ]
    },
    {
        "class": "Car",
        "extent": [
            1.6672759056091309,
            4.611005783081055,
            2.241713285446167
        ],
        "position": [
            -20.45381260790524,
            -0.8847546125000039,
            -2.4666508073722904
        ],
        "yaw": -0.1274565595052386,
        "num_points": 15,
        "distance": 20.62099917872928,
        "speed": 6.243870166455132,
        "brake": 0.017560862004756927,
        "id": 482,
        "ego_matrix": [
            [
                0.771376371383667,
                0.6363791823387146,
                5.971844075247645e-06,
                65.18055725097656
            ],
            [
                -0.6363790035247803,
                0.7713761925697327,
                -0.0007769009098410606,
                -334.8473815917969
            ],
            [
                -0.0004990100860595703,
                0.0005954826483502984,
                0.9999997019767761,
                0.07471071183681488
            ],
            [
                0.0,
                0.0,
                0.0,
                1.0
            ]
        ]
    },
    {
        "class": "Car",
        "extent": [
            1.6355280876159668,
            5.0267767906188965,
            2.1515462398529053
        ],
        "position": [
            2.643620752522903,
            21.14844466098352,
            -2.400219124609584
        ],
        "yaw": 3.1781416100739315,
        "num_points": 19,
        "distance": 21.447761983666123,
        "speed": 4.775121034404707,
        "brake": 0.0,
        "id": 525,
        "ego_matrix": [
            [
                -0.8649062514305115,
                -0.5018959045410156,
                0.006136770360171795,
                72.97389221191406
            ],
            [
                0.501883327960968,
                -0.8649280071258545,
                -0.003553007962182164,
                -365.802490234375
            ],
            [
                0.00709110451862216,
                6.923917226231424e-06,
                0.9999748468399048,
                0.12885324656963348
            ],
            [
                0.0,
                0.0,
                0.0,
                1.0
            ]
        ]
    },
    {
        "class": "Car",
        "extent": [
            2.467444658279419,
            5.203838348388672,
            2.614572286605835
        ],
        "position": [
            26.49699031699892,
            4.581404653826648,
            -2.524413302907221
        ],
        "yaw": 0.18542032720984036,
        "num_points": 18,
        "distance": 27.008376977988405,
        "speed": 13.332551178932027,
        "brake": 0.0,
        "id": 526,
        "ego_matrix": [
            [
                0.9298027157783508,
                0.3680417537689209,
                -0.003494164440780878,
                101.98704528808594
            ],
            [
                -0.36805638670921326,
                0.929786741733551,
                -0.0055883196182549,
                -364.5043640136719
            ],
            [
                0.001192092546261847,
                0.006482084281742573,
                0.9999783039093018,
                -0.002503089839592576
            ],
            [
                0.0,
                0.0,
                0.0,
                1.0
            ]
        ]
    },
    {
        "class": "Car",
        "extent": [
            1.6355280876159668,
            5.0267767906188965,
            2.1515462398529053
        ],
        "position": [
            19.469521375222374,
            16.296796831282833,
            -2.394206353783531
        ],
        "yaw": 3.2808176553730646,
        "num_points": 6,
        "distance": 25.502550335306637,
        "speed": 4.775079147999465,
        "brake": 0.0,
        "id": 527,
        "ego_matrix": [
            [
                -0.9117920398712158,
                -0.4106014668941498,
                0.006457749754190445,
                89.79551696777344
            ],
            [
                0.4105910658836365,
                -0.9118148684501648,
                -0.0029216003604233265,
                -370.6689453125
            ],
            [
                0.007087886333465576,
                -1.239729954249924e-05,
                0.9999749064445496,
                0.12885285913944244
            ],
            [
                0.0,
                0.0,
                0.0,
                1.0
            ]
        ]
    },
    {
        "class": "Car",
        "extent": [
            2.467444658279419,
            5.203838348388672,
            2.614572286605835
        ],
        "position": [
            8.521896672574188,
            24.3629334828137,
            -2.5284058710557984
        ],
        "yaw": 3.2097373532466316,
        "num_points": 42,
        "distance": 25.93391769545869,
        "speed": 4.690870701297619,
        "brake": 0.0,
        "id": 573,
        "ego_matrix": [
            [
                -0.8803514242172241,
                -0.47432199120521545,
                -0.00016052655701059848,
                76.23308563232422
            ],
            [
                0.47432199120521545,
                -0.8803511261940002,
                -0.0007362524047493935,
                -371.6560363769531
            ],
            [
                0.00020790098642464727,
                -0.000724302139133215,
                0.9999997615814209,
                -0.002124576596543193
            ],
            [
                0.0,
                0.0,
                0.0,
                1.0
            ]
        ]
    },
    {
        "class": "Car",
        "extent": [
            1.6171096563339233,
            3.987684965133667,
            1.8508483171463013
        ],
        "position": [
            2.3785653142173473,
            28.138819639394367,
            -2.4899277847466394
        ],
        "yaw": 3.174525569945822,
        "num_points": 0,
        "distance": 28.34872984854202,
        "speed": 4.977066109866928,
        "brake": 0.0,
        "id": 620,
        "ego_matrix": [
            [
                -0.863107442855835,
                -0.5050203204154968,
                -7.933989400044084e-05,
                69.02259826660156
            ],
            [
                0.5050203204154968,
                -0.863107442855835,
                -0.00015353593335021287,
                -371.5750732421875
            ],
            [
                9.059905096364673e-06,
                -0.00017258626758120954,
                1.0,
                0.038267116993665695
            ],
            [
                0.0,
                0.0,
                0.0,
                1.0
            ]
        ]
    },
    {
        "class": "Car",
        "extent": [
            1.5248334407806396,
            4.513522624969482,
            2.006814479827881
        ],
        "position": [
            -16.36021776992639,
            27.630356455945353,
            -2.49994316570112
        ],
        "yaw": 3.067974891576733,
        "num_points": 14,
        "distance": 32.20781022040698,
        "speed": 4.850909642262881,
        "brake": 0.0,
        "id": 635,
        "ego_matrix": [
            [
                -0.8045041561126709,
                -0.5939470529556274,
                -5.354305903892964e-05,
                53.44048309326172
            ],
            [
                0.5939470529556274,
                -0.8045041561126709,
                -0.00011025723506463692,
                -361.1540222167969
            ],
            [
                2.241134461655747e-05,
                -0.00012050414079567418,
                1.0,
                0.03577978163957596
            ],
            [
                0.0,
                0.0,
                0.0,
                1.0
            ]
        ]
    }
]